1.75 7.5 0.0 0.0 0.0 0.0 0.0
1.75 7.5 0.0 0.0 0.0 0.0 16.6667
1.75 7.5 0.0 0.0 0.0 0.0 33.3333
1.75 7.5 0.0 0.0 0.0 0.0 50.0
1.75 7.5 0.0 0.0 0.0 0.0 66.6667
1.75 7.5 0.0 0.0 0.0 0.0 83.3333
1.75 7.5 0.0 0.0 0.0 0.0 100.0
1.75 7.5 0.0 0.0 0.0 0.0 116.6667
1.75 7.5 0.0 0.0 0.0 0.0 133.3333
1.75 7.5 0.0 0.0 0.0 0.0 150.0
1.75 7.5 0.0 0.0 0.0 0.0 166.6667
1.75 7.5 0.0 0.0 0.0 0.0 183.3333
1.75 7.5 0.0 0.0 0.0 0.0 200.0
1.75 7.5 0.0 0.0 0.0 0.0 216.6667
1.75 7.5 0.0 0.0 0.0 0.0 233.3333
1.75 7.5 0.0 0.0 0.0 0.0 250.0
1.75 7.5 0.0 0.0 0.0 0.0 266.6667
1.75 7.5 0.0 0.0 0.0 0.0 283.3333
1.75 7.5 0.0 0.0 0.0 0.0 300.0
1.75 7.5 0.0 0.0 0.0 0.0 316.6667
1.75 7.5 0.0 0.0 0.0 0.0 333.3333
1.75 7.5 0.0 0.0 0.0 0.0 350.0
1.75 7.5 0.0 0.0 0.0 0.0 366.6667
1.75 7.5 0.0 0.0 0.0 0.0 383.3333
1.75 7.5 0.0 0.0941 0.0 0.0 400.0
1.75 7.5 0.0 0.4225 -0.0461 0.0 416.6667
1.75 7.5 0.0 0.7854 -0.05 0.0 433.3333
1.75 7.5 0.0 1.1765 -0.05 0.0 450.0
1.75 7.5 0.0 1.9833 -0.05 0.0 466.6667
1.75 7.5 0.0 2.7687 0.0458 0.0 483.3333
1.75 7.5 0.0 3.0353 0.1441 0.0 500.0
1.75 7.5 0.0 3.1882 0.1961 0.0 516.6667
1.75 7.5 0.0 3.2451 0.2 0.0 533.3333
1.75 7.5 0.0 3.25 0.2 0.0 550.0
1.75 7.5 0.0 3.25 0.2 0.0 566.6667
1.75 7.5 0.0 3.25 0.2 0.0 583.3333
1.75 7.5 0.0 3.25 0.2 0.0 600.0
1.75 7.5 0.0 3.25 0.2 0.0 616.6667
1.75 7.5 0.0 3.3402 0.2 0.0 633.3333
1.75 7.5 0.0 3.4824 0.2 0.0 650.0
1.75 7.5 0.0 3.6725 0.2431 0.0 666.6667
1.75 7.5 0.0 4.1031 0.3396 0.0 683.3333
1.75 7.5 0.0 4.4147 0.4382 0.0 700.0
1.75 7.5 0.0 4.6225 0.45 0.0 716.6667
1.75 7.5 0.0 4.7396 0.4948 0.0 733.3333
1.75 7.5 0.00025 4.8382 0.5 0.0 750.0
1.75 7.5 -0.00125 4.8931 0.5 0.0 766.6667
1.75 7.499750000000001 0.00325 4.9 0.5 0.0 783.3333
1.7496 7.50625 -0.07175 4.9 0.5 0.0 800.0
1.7491999999999999 7.51325 -0.15575 4.9 0.5 0.0 816.6667
1.7488 7.52025 -0.23625000000000002 4.9 0.5 0.0 833.3333
1.7484 7.52775 -0.323 4.9 0.5 0.0 850.0
1.748 7.53475 -0.40525 4.9 0.5 0.0 866.6667
1.7477333333333331 7.5415 -0.48625 4.9 0.5 0.0 883.3333
1.7473333333333334 7.5489999999999995 -0.57275 4.9 0.5 0.0 900.0
1.7469333333333332 7.55625 -0.65525 4.9 0.5 0.0 916.6667
1.7465333333333333 7.56325 -0.73675 4.9 0.5 0.0 933.3333
1.7462666666666666 7.570250000000001 -0.818 4.9 0.5 0.0 950.0
1.7457333333333334 7.5775 -0.90425 4.9 0.5 0.0 966.6667
1.7453333333333334 7.58475 -0.9865 4.9 0.5 0.0 983.3333
1.7450666666666668 7.5915 -1.06825 4.9 0.5 0.0 1000.0
1.7446666666666668 7.5985 -1.1495 4.8598 0.5 0.0 1016.6667
1.7442666666666666 7.6057500000000005 -1.2357500000000001 4.85 0.5 0.0 1033.3333
1.7437333333333334 7.61275 -1.31825 4.8088 0.5 0.0 1050.0
1.7434666666666667 7.61975 -1.3995 4.7598 0.5 0.0 1066.6667
1.7430666666666668 7.626250000000001 -1.4845 4.625 0.4167 0.0 1083.3333
1.7428 7.63325 -1.5735 4.4353 0.3588 0.0 1100.0
1.7428 7.63425 -1.5855 4.199 0.3098 0.0 1116.6667
1.7428 7.634 -1.582 3.9931 0.2216 0.0 1133.3333
1.7428 7.634 -1.583 3.8687 0.1594 0.0 1150.0
1.7428 7.634 -1.5827499999999999 3.8098 0.1098 0.0 1166.6667
1.7428 7.634 -1.5827499999999999 3.7608 0.1 0.0 1183.3333
1.7428 7.634 -1.5827499999999999 3.75 0.1 0.0 1200.0
1.7428 7.634 -1.5827499999999999 3.75 0.1 0.0 1216.6667
1.7428 7.634 -1.5827499999999999 3.75 0.1 0.0 1233.3333
1.7428 7.634 -1.5827499999999999 3.75 0.1 0.0 1250.0
1.7428 7.634 -1.5822500000000002 3.75 0.1 0.0 1266.6667
1.7428 7.634 -1.5842500000000002 3.75 0.1 0.0 1283.3333
1.7428 7.6335 -1.57675 3.75 0.1 0.0 1300.0
1.7428 7.6377500000000005 -1.641 3.75 0.1 0.0 1316.6667
1.7426666666666668 7.64375 -1.7315 3.75 0.1 0.0 1333.3333
1.7425333333333333 7.64925 -1.8135000000000001 3.75 0.1 0.0 1350.0
1.7425333333333333 7.6545 -1.8952499999999999 3.75 0.1 0.0 1366.6667
1.7424 7.66 -1.9765 3.75 0.1 0.0 1383.3333
1.7424 7.6655 -2.06275 3.75 0.1 0.0 1400.0
1.7422666666666666 7.67075 -2.146 3.75 0.1 0.0 1416.6667
1.7422666666666666 7.6762500000000005 -2.22675 3.75 0.1 0.0 1433.3333
1.7421333333333333 7.682 -2.313 3.75 0.1 0.0 1450.0
1.742 7.687250000000001 -2.39625 3.75 0.1 0.0 1466.6667
1.742 7.69275 -2.4779999999999998 3.75 0.1 0.0 1483.3333
1.7418666666666667 7.69825 -2.55925 3.75 0.1 0.0 1500.0
1.7418666666666667 7.70325 -2.64525 3.4583 0.0635 0.0 1516.6667
1.7418666666666667 7.70775 -2.7285 3.1686 0.0137 0.0 1533.3333
1.7418666666666667 7.712 -2.8102500000000004 2.9588 -0.0353 0.0 1550.0
1.742 7.7162500000000005 -2.8915 2.8657 -0.0843 0.0 1566.6667
1.742 7.7204999999999995 -2.9775 2.85 -0.1 0.0 1583.3333
1.7421333333333333 7.7245 -3.06125 2.85 -0.1 0.0 1600.0
1.7422666666666666 7.72875 -3.142 2.85 -0.1 0.0 1616.6667
1.7422666666666666 7.73275 -3.2279999999999998 2.8146 -0.1 0.0 1633.3333
1.7424 7.737 -3.31175 2.6941 -0.1353 0.0 1650.0
1.7425333333333333 7.74025 -3.39325 2.4441 -0.15 0.0 1666.6667
1.7426666666666668 7.7435 -3.47475 2.2167 -0.1833 0.0 1683.3333
1.7428 7.7465 -3.5604999999999998 1.9781 -0.2 0.0 1700.0
1.7429333333333334 7.749 -3.6445 1.7971 -0.2 0.0 1716.6667
1.7430666666666668 7.7509999999999994 -3.72525 1.5167 -0.2333 0.0 1733.3333
1.7433333333333334 7.753 -3.81125 1.2281 -0.25 0.0 1750.0
1.7434666666666667 7.7545 -3.895 0.9441 -0.2843 0.0 1766.6667
1.7437333333333334 7.7555 -3.97675 0.7167 -0.3 0.0 1783.3333
1.744 7.75625 -4.05825 0.5529 -0.3 0.0 1800.0
1.7442666666666666 7.757000000000001 -4.144 0.5 -0.3 0.0 1816.6667
1.7444000000000002 7.75775 -4.228 0.5 -0.3 0.0 1833.3333
1.7446666666666668 7.75825 -4.30875 0.5 -0.3 0.0 1850.0
1.7449333333333334 7.759 -4.39475 0.5 -0.3 0.0 1866.6667
1.7452 7.75975 -4.47875 0.5 -0.3 0.0 1883.3333
1.7453333333333334 7.7604999999999995 -4.56025 0.5 -0.3 0.0 1900.0
1.7456 7.7612499999999995 -4.6415 0.5 -0.3 0.0 1916.6667
1.7458666666666667 7.7620000000000005 -4.7275 0.5 -0.3 0.0 1933.3333
1.7461333333333333 7.7627500000000005 -4.8115000000000006 0.5 -0.3 0.0 1950.0
1.7462666666666666 7.7635000000000005 -4.892250000000001 0.5 -0.3 0.0 1966.6667
1.7465333333333333 7.76425 -4.97825 0.5 -0.3 0.0 1983.3333
1.7468 7.765 -5.061999999999999 0.5 -0.3 0.0 2000.0
1.7470666666666665 7.76575 -5.143750000000001 0.5 -0.3 0.0 2016.6667
1.7471999999999999 7.7665 -5.22525 0.5 -0.3 0.0 2033.3333
1.7474666666666665 7.767 -5.31075 0.5 -0.3 0.0 2050.0
1.7477333333333331 7.76775 -5.395 0.5 -0.3 0.0 2066.6667
1.748 7.7685 -5.47675 0.5 -0.3 0.0 2083.3333
1.7481333333333333 7.7692499999999995 -5.558 0.5 -0.3 0.0 2100.0
1.7484 7.77 -5.6435 0.5 -0.3 0.0 2116.6667
1.7486666666666666 7.77075 -5.728 0.5 -0.3 0.0 2133.3333
1.7488 7.7715 -5.80875 0.5 -0.3 0.0 2150.0
1.7491999999999999 7.7722500000000005 -5.8942499999999995 0.5 -0.3 0.0 2166.6667
1.7490666666666668 7.773 -5.9785 0.5 -0.3 0.0 2183.3333
1.7508000000000001 7.77375 -6.06025 0.5 -0.3 0.0 2200.0
1.7456 7.7745 -6.1415 0.5 -0.3 0.0 2216.6667
1.7733333333333332 7.77525 -6.227 0.5 -0.3 0.0 2233.3333
1.8221333333333334 7.7757499999999995 -6.3107500000000005 0.5 -0.3 0.0 2250.0
1.8650666666666667 7.7764999999999995 -6.39175 0.5 -0.3 0.0 2266.6667
1.9077333333333333 7.77725 -6.473 0.5 -0.3 0.0 2283.3333
1.9578666666666666 7.7780000000000005 -6.55775 0.5 -0.3 0.0 2300.0
1.9777333333333336 7.7785 -6.642 0.3863 -0.3284 0.0 2316.6667
1.9734666666666665 7.7787500000000005 -6.7235 0.1353 -0.3775 0.0 2333.3333
1.9750666666666667 7.7787500000000005 -6.805 -0.0529 -0.4 0.0 2350.0
1.9749333333333332 7.77825 -6.89025 -0.1542 -0.4 0.0 2366.6667
1.975466666666667 7.7780000000000005 -6.975 -0.2 -0.4 0.0 2383.3333
1.9757333333333331 7.7780000000000005 -7.05575 -0.2 -0.4 0.0 2400.0
1.9760000000000002 7.7775 -7.141 -0.2542 -0.4 0.0 2416.6667
1.9764 7.777 -7.22575 -0.3275 -0.4 0.0 2433.3333
1.9766666666666666 7.77625 -7.3065 -0.4029 -0.4 0.0 2450.0
1.9769333333333332 7.7757499999999995 -7.39175 -0.45 -0.4 0.0 2466.6667
1.9773333333333334 7.775 -7.476500000000001 -0.45 -0.4 0.0 2483.3333
1.9776 7.7745 -7.558 -0.45 -0.4 0.0 2500.0
1.9778666666666667 7.774 -7.6395 -0.45 -0.4 0.0 2516.6667
1.9782666666666668 7.773 -7.7245 -0.45 -0.4 0.0 2533.3333
1.9785333333333335 7.7725 -7.80925 -0.45 -0.4 0.0 2550.0
1.9788000000000001 7.772 -7.890000000000001 -0.45 -0.4 0.0 2566.6667
1.9791999999999998 7.771 -7.975250000000001 -0.45 -0.4 0.0 2583.3333
1.9794666666666667 7.7705 -8.06 -0.45 -0.4 0.0 2600.0
1.9797333333333333 7.76975 -8.1415 -0.45 -0.4 0.0 2616.6667
1.98 7.7692499999999995 -8.223 -0.45 -0.4 0.0 2633.3333
1.9804 7.76875 -8.30775 -0.45 -0.4 0.0 2650.0
1.9806666666666668 7.76775 -8.39275 -0.45 -0.4 0.0 2666.6667
1.9809333333333332 7.767250000000001 -8.47425 -0.45 -0.4 0.0 2683.3333
1.9813333333333332 7.76675 -8.5555 -0.45 -0.4 0.0 2700.0
1.9815999999999998 7.76575 -8.64025 -0.45 -0.4 0.0 2716.6667
1.9818666666666669 7.76525 -8.72575 -0.45 -0.4 0.0 2733.3333
1.9822666666666666 7.76475 -8.80625 -0.45 -0.4 0.0 2750.0
1.9825333333333333 7.764 -8.8915 -0.45 -0.4 0.0 2766.6667
1.9828 7.7635000000000005 -8.9765 -0.45 -0.4 0.0 2783.3333
1.9832 7.7625 -9.05775 -0.45 -0.4 0.0 2800.0
1.9834666666666667 7.7620000000000005 -9.13925 -0.45 -0.4 0.0 2816.6667
1.9837333333333333 7.7615 -9.224 -0.45 -0.4 0.0 2833.3333
1.9841333333333335 7.7604999999999995 -9.30925 -0.45 -0.4 0.0 2850.0
1.9843999999999997 7.76 -9.39075 -0.45 -0.4 0.0 2866.6667
1.9846666666666668 7.7595 -9.472249999999999 -0.45 -0.4 0.0 2883.3333
1.9850666666666665 7.75875 -9.556750000000001 -0.45 -0.4 0.0 2900.0
1.9853333333333336 7.75825 -9.642 -0.45 -0.4 0.0 2916.6667
1.9855999999999998 7.7575 -9.72275 -0.45 -0.4 0.0 2933.3333
1.986 7.75675 -9.807749999999999 -0.45 -0.4 0.0 2950.0
1.9862666666666666 7.75625 -9.892999999999999 -0.45 -0.4 0.0 2966.6667
1.9865333333333335 7.7555 -9.97425 -0.45 -0.4 0.0 2983.3333
1.9869333333333334 7.75475 -10.056000000000001 -0.45 -0.4 0.0 3000.0
1.9872 7.75425 -10.14025 -0.45 -0.4 0.0 3016.6667
1.9876 7.7535 -10.225999999999999 -0.45 -0.4 0.0 3033.3333
1.9878666666666667 7.753 -10.3065 -0.45 -0.4 0.0 3050.0
1.9881333333333333 7.75225 -10.391250000000001 -0.45 -0.4 0.0 3066.6667
1.9885333333333333 7.7515 -10.47675 -0.45 -0.4 0.0 3083.3333
1.9888000000000001 7.7509999999999994 -10.558 -0.45 -0.4 0.0 3100.0
1.9890666666666665 7.750249999999999 -10.64025 -0.45 -0.4 0.0 3116.6667
1.9894666666666665 7.7495 -10.72175 -0.45 -0.4 0.0 3133.3333
1.9897333333333331 7.749 -10.806000000000001 -0.45 -0.4 0.0 3150.0
1.9900000000000002 7.7482500000000005 -10.89175 -0.45 -0.4 0.0 3166.6667
1.9904 7.74775 -10.9725 -0.45 -0.4 0.0 3183.3333
1.9906666666666666 7.747 -11.05675 -0.45 -0.4 0.0 3200.0
1.9909333333333332 7.74625 -11.1425 -0.45 -0.4 0.0 3216.6667
1.9913333333333334 7.74575 -11.22325 -0.45 -0.4 0.0 3233.3333
1.9916 7.745 -11.3075 -0.45 -0.4 0.0 3250.0
1.9918666666666667 7.74425 -11.393249999999998 -0.45 -0.4 0.0 3266.6667
1.9922666666666669 7.74375 -11.4745 -0.45 -0.4 0.0 3283.3333
1.992533333333333 7.743 -11.556999999999999 -0.45 -0.4 0.0 3300.0
1.9928000000000001 7.7425 -11.638250000000001 -0.45 -0.4 0.0 3316.6667
1.9931999999999999 7.741750000000001 -11.72225 -0.45 -0.4 0.0 3333.3333
1.993466666666667 7.741 -11.808250000000001 -0.45 -0.4 0.0 3350.0
1.9937333333333331 7.7405 -11.889000000000001 -0.5 -0.4 0.0 3366.6667
1.9941333333333333 7.7395 -11.973 -0.7167 -0.4 0.0 3383.3333
1.9944 7.73775 -12.059 -1.1265 -0.4176 0.0 3400.0
1.9948000000000001 7.7355 -12.13975 -1.5333 -0.45 0.0 3416.6667
1.9950666666666668 7.7330000000000005 -12.223749999999999 -1.7333 -0.4667 0.0 3433.3333
1.9954666666666667 7.73025 -12.3095 -1.8353 -0.5 0.0 3450.0
1.9958666666666667 7.7275 -12.391000000000002 -1.9167 -0.5001 0.0 3466.6667
1.9962666666666666 7.72475 -12.4725 -1.95 -0.5001 0.0 3483.3333
1.9966666666666666 7.72175 -12.55625 -1.9813 -0.5001 0.0 3500.0
1.9970666666666665 7.71875 -12.642 -2.1 -0.5001 0.0 3516.6667
1.9974666666666667 7.7155 -12.723500000000001 -2.2784 -0.5001 0.0 3533.3333
1.9978666666666665 7.712 -12.80525 -2.4794 -0.5001 0.0 3550.0
1.9981333333333335 7.708 -12.88875 -2.5792 -0.5001 0.0 3566.6667
1.9985333333333333 7.704 -12.975000000000001 -2.6657 -0.5001 0.0 3583.3333
1.9989333333333335 7.70025 -13.0555 -2.7147 -0.5001 0.0 3600.0
1.9993333333333336 7.69625 -13.139000000000001 -2.75 -0.5001 0.0 3616.6667
1.9997333333333334 7.6922500000000005 -13.225249999999999 -2.75 -0.5001 0.0 3633.3333
2.0001333333333333 7.68825 -13.306500000000002 -2.75 -0.5001 0.0 3650.0
2.0005333333333333 7.6845 -13.38825 -2.75 -0.5001 0.0 3666.6667
2.0009333333333332 7.68025 -13.4715 -2.75 -0.5001 0.0 3683.3333
2.001333333333333 7.676 -13.557749999999999 -2.75 -0.5001 0.0 3700.0
2.001733333333333 7.67225 -13.6385 -2.75 -0.5001 0.0 3716.6667
2.0021333333333335 7.6682500000000005 -13.72175 -2.75 -0.5543 0.0 3733.3333
2.002666666666667 7.664 -13.808 -2.7206 -0.7736 0.0 3750.0
2.0034666666666667 7.6605 -13.888750000000002 -2.6225 -1.0049 0.0 3766.6667
2.0044 7.656750000000001 -13.972249999999999 -2.55 -1.1907 0.0 3783.3333
2.0054666666666665 7.6530000000000005 -14.058250000000001 -2.55 -1.3148 0.0 3800.0
2.0064 7.64925 -14.1395 -2.5499 -1.3501 0.0 3816.6667
2.0074666666666667 7.6455 -14.221250000000001 -2.5499 -1.3501 0.0 3833.3333
2.0085333333333333 7.642 -14.3045 -2.5499 -1.3501 0.0 3850.0
2.0096 7.63825 -14.39075 -2.5499 -1.3501 0.0 3866.6667
2.0106666666666664 7.6345 -14.472000000000001 -2.5499 -1.3501 0.0 3883.3333
2.0117333333333334 7.631 -14.55375 -2.5499 -1.3501 0.0 3900.0
2.0128 7.62725 -14.636750000000001 -2.5499 -1.3501 0.0 3916.6667
2.0137333333333336 7.62325 -14.722999999999999 -2.5499 -1.3501 0.0 3933.3333
2.0148 7.6194999999999995 -14.804250000000001 -2.5499 -1.3501 0.0 3950.0
2.0158666666666667 7.6160000000000005 -14.886 -2.5499 -1.3501 0.0 3966.6667
2.0169333333333332 7.61225 -14.969 -2.5499 -1.3501 0.0 3983.3333
2.018 7.6085 -15.055499999999999 -2.5499 -1.3501 0.0 4000.0
2.019066666666667 7.6049999999999995 -15.1365 -2.5499 -1.3501 0.0 4016.6667
2.0201333333333333 7.60125 -15.2195 -2.5499 -1.3605 0.0 4033.3333
2.0212 7.59725 -15.30575 -2.55 -1.4119 0.0 4050.0
2.0222666666666664 7.59375 -15.387249999999998 -2.5715 -1.4932 0.0 4066.6667
2.0236 7.59 -15.469 -2.6794 -1.7285 -0.0001 4083.3333
2.025333333333333 7.58575 -15.55175 -2.8749 -2.2657 -0.0006 4100.0
2.0281333333333333 7.581 -15.63825 -3.2538 -3.4266 -0.0004 4116.6667
2.0313333333333334 7.57575 -15.719000000000001 -3.4793 -4.3972 -0.0002 4133.3333
2.0353333333333334 7.5705 -15.801750000000002 -3.6281 -5.2063 -0.0002 4150.0
2.0405333333333333 7.5649999999999995 -15.887500000000001 -3.7608 -6.2726 -0.0001 4166.6667
2.0457333333333336 7.5595 -15.96825 -3.8 -7.0079 0.0 4183.3333
2.0514666666666668 7.554 -16.04925 -3.8 -7.4854 0.0 4200.0
2.0573333333333332 7.5485 -16.131 -3.8 -7.6668 0.0 4216.6667
2.0637333333333334 7.543 -16.21675 -3.8 -7.7795 0.0 4233.3333
2.0692 7.5375 -16.297 -3.7912 -7.9442 0.0 4250.0
2.0769333333333333 7.532 -16.3785 -3.75 -8.1918 0.0 4266.6667
2.0770666666666666 7.5265 -16.466 -3.75 -8.4589 0.0 4283.3333
2.0366666666666666 7.521 -16.56 -3.75 -8.7442 0.0 4300.0
2.001333333333333 7.515750000000001 -16.653 -3.75 -9.0442 0.0 4316.6667
1.9647999999999999 7.51025 -16.7485 -3.75 -9.6084 0.0 4333.3333
1.9274666666666667 7.5045 -16.84875 -3.75 -10.003 0.0 4350.0
1.8923999999999999 7.4995 -16.9435 -3.75 -10.2893 0.0 4366.6667
1.8574666666666668 7.494 -17.03875 -3.7569 -10.5413 0.0 4383.3333
1.8224 7.4885 -17.135 -3.8 -10.8563 0.0 4400.0
1.7861333333333334 7.4825 -17.23725 -3.8 -11.2893 0.0 4416.6667
1.7522666666666669 7.47725 -17.332749999999997 -3.8 -11.5276 0.0 4433.3333
1.718 7.47175 -17.4305 -3.8 -11.7439 0.0 4450.0
1.6824 7.466 -17.5335 -3.8 -12.1285 0.0 4466.6667
1.6494666666666666 7.46075 -17.63075 -3.8 -12.5913 0.0 4483.3333
1.6166666666666667 7.45525 -17.728749999999998 -3.8 -12.9325 0.0 4500.0
1.5842666666666667 7.44975 -17.82775 -3.8 -13.5918 0.0 4516.6667
1.5505333333333333 7.444 -17.93325 -3.8 -14.0874 0.0 4533.3333
1.5197333333333334 7.4384999999999994 -18.03275 -3.8059 -15.0619 0.0 4550.0
1.4896 7.433249999999999 -18.13475 -3.8552 -15.9991 0.0 4566.6667
1.4588 7.42725 -18.24275 -3.9069 -16.953 0.0 4583.3333
1.4305333333333334 7.4215 -18.34525 -3.9559 -17.7236 0.0 4600.0
1.4033333333333335 7.416 -18.448999999999998 -4.0049 -18.8952 -0.0001 4616.6667
1.3782666666666668 7.41 -18.555500000000002 -4.05 -21.2334 0.0 4633.3333
1.3529333333333333 7.4037500000000005 -18.668499999999998 -4.0617 -22.4089 -0.0002 4650.0
1.3314666666666668 7.398 -18.7765 -4.1499 -24.5511 0.0 4666.6667
1.3118666666666665 7.3919999999999995 -18.886499999999998 -4.15 -26.6158 0.0 4683.3333
1.2949333333333333 7.386 -18.998250000000002 -4.1499 -29.2063 0.0 4700.0
1.2781333333333333 7.37975 -19.11675 -4.1499 -30.1825 0.0 4716.6667
1.2637333333333334 7.37375 -19.229 -4.1499 -31.4668 0.0 4733.3333
1.25 7.368 -19.342 -4.15 -32.3589 0.0 4750.0
1.2382666666666666 7.362 -19.455750000000002 -4.15 -34.1272 0.0 4766.6667
1.2266666666666666 7.3557500000000005 -19.57675 -4.1422 -34.8286 0.0001 4783.3333
1.2168 7.35 -19.6905 -4.0441 -35.7854 0.0 4800.0
1.2074666666666667 7.344250000000001 -19.80525 -3.95 -36.3814 0.0 4816.6667
1.1984 7.33825 -19.927 -3.9384 -37.2649 0.0002 4833.3333
1.1924 7.333 -20.042 -3.7942 -39.2678 0.0001 4850.0
1.1873333333333336 7.3275 -20.15725 -3.7 -40.3973 0.0 4866.6667
1.1836 7.3225 -20.273 -3.6979 -41.5751 0.0 4883.3333
1.1809333333333334 7.317 -20.396 -3.6 -42.8501 0.0 4900.0
1.1804000000000001 7.31175 -20.511249999999997 -3.5904 -44.5246 0.0002 4916.6667
1.1818666666666666 7.307 -20.62725 -3.3479 -46.372 0.0 4933.3333
1.1845333333333334 7.302 -20.75025 -3.2442 -47.4531 0.0001 4950.0
1.1881333333333335 7.297499999999999 -20.86525 -3.1461 -48.3414 0.0001 4966.6667
1.1929333333333334 7.2932500000000005 -20.981 -3.05 -49.3786 0.0 4983.3333
1.1990666666666667 7.28875 -21.096249999999998 -3.05 -50.8002 0.0 5000.0
1.2065333333333332 7.28425 -21.2185 -2.95 -51.6296 0.0 5016.6667
1.2144 7.2802500000000006 -21.333000000000002 -2.95 -52.3698 0.0 5033.3333
1.2234666666666667 7.276 -21.44775 -2.95 -53.3502 0.0 5050.0
1.2350666666666665 7.27125 -21.568749999999998 -2.95 -55.2924 0.0 5066.6667
1.2484000000000002 7.26725 -21.68175 -2.95 -57.5767 0.0 5083.3333
1.2633333333333332 7.263 -21.79425 -2.95 -58.9002 0.0 5100.0
1.2810666666666666 7.2585 -21.905 -3.0479 -61.7924 -0.0001 5116.6667
1.3045333333333333 7.254 -22.019750000000002 -3.05 -66.0894 0.0 5133.3333
1.3286666666666667 7.249750000000001 -22.12625 -3.05 -68.0502 0.0 5150.0
1.3553333333333335 7.2455 -22.23125 -2.9031 -70.06 0.0002 5166.6667
1.3424 7.2455 -22.31425 -2.7456 -73.5188 0.0005 5183.3333
1.3426666666666667 7.2455 -22.313499999999998 -2.5 -76.9502 0.0 5200.0
1.3426666666666667 7.2455 -22.313499999999998 -2.2066 -79.5482 0.0007 5216.6667
1.3426666666666667 7.2455 -22.313499999999998 -1.9154 -83.5875 0.0037 5233.3333
1.3426666666666667 7.2455 -22.313499999999998 -1.6 -87.8502 0.0 5250.0
1.3426666666666667 7.2455 -22.313499999999998 178.5577 -89.6504 179.9895 5266.6667
1.3426666666666667 7.2455 -22.313499999999998 178.6968 -84.3155 179.9973 5283.3333
1.3426666666666667 7.2455 -22.313499999999998 178.8429 -80.3822 179.9983 5300.0
1.3426666666666667 7.2455 -22.313499999999998 178.85 -77.0166 180.0 5316.6667
1.3426666666666667 7.2455 -22.313499999999998 178.9943 -73.779 179.9994 5333.3333
1.3426666666666667 7.2455 -22.313499999999998 179.1419 -70.0263 179.9992 5350.0
1.3426666666666667 7.2455 -22.313499999999998 179.297 -67.6456 179.9998 5366.6667
1.3426666666666667 7.2455 -22.313499999999998 179.4443 -66.2547 179.9998 5383.3333
1.3426666666666667 7.2455 -22.313499999999998 179.45 -65.3057 180.0 5400.0
1.3426666666666667 7.2455 -22.313499999999998 179.45 -63.9135 180.0 5416.6667
1.3426666666666667 7.2455 -22.313499999999998 179.5858 -61.7253 179.9994 5433.3333
1.3426666666666667 7.2455 -22.313499999999998 179.6 -59.5311 -180.0 5450.0
1.3426666666666667 7.2455 -22.313499999999998 179.6 -57.6027 180.0 5466.6667
1.3426666666666667 7.2455 -22.313499999999998 179.6 -55.7361 180.0 5483.3333
1.3426666666666667 7.2455 -22.313499999999998 179.6 -53.6279 -180.0 5500.0
1.3426666666666667 7.2455 -22.313499999999998 179.6 -51.9331 180.0 5516.6667
1.3426666666666667 7.2455 -22.313499999999998 179.6 -51.033 180.0 5533.3333
1.3426666666666667 7.2455 -22.313499999999998 179.6 -50.2438 180.0 5550.0
1.3426666666666667 7.2455 -22.313499999999998 179.8757 -46.9872 179.999 5566.6667
1.3426666666666667 7.2455 -22.313499999999998 179.9 -45.6624 180.0 5583.3333
1.3426666666666667 7.2455 -22.313499999999998 -179.9675 -44.4909 179.9998 5600.0
1.3426666666666667 7.2455 -22.313499999999998 -179.8583 -43.2497 179.9999 5616.6667
1.3426666666666667 7.2455 -22.313499999999998 -179.7146 -41.7968 179.9998 5633.3333
1.3426666666666667 7.2455 -22.313499999999998 -179.7 -40.5909 180.0 5650.0
1.3426666666666667 7.2455 -22.313499999999998 -179.7 -40.1747 180.0 5666.6667
1.3426666666666667 7.2455 -22.313499999999998 -179.6096 -37.4438 179.9997 5683.3333
1.3426666666666667 7.2455 -22.313499999999998 -179.6 -34.7673 180.0 5700.0
1.3426666666666667 7.2455 -22.313499999999998 -179.6 -32.1203 -180.0 5716.6667
1.3426666666666667 7.2455 -22.313499999999998 -179.5104 -30.8091 179.9999 5733.3333
1.3426666666666667 7.2455 -22.313499999999998 -179.5 -29.5085 180.0 5750.0
1.3426666666666667 7.2455 -22.313499999999998 -179.5 -29.3497 180.0 5766.6667
1.3426666666666667 7.2455 -22.313499999999998 -179.5 -28.4222 180.0 5783.3333
1.3426666666666667 7.2455 -22.313499999999998 -179.3685 -25.4934 179.9995 5800.0
1.3426666666666667 7.2455 -22.313499999999998 -179.35 -24.7115 180.0 5816.6667
1.3426666666666667 7.2455 -22.313499999999998 -179.35 -24.5654 180.0 5833.3333
1.3426666666666667 7.2455 -22.313499999999998 -179.35 -24.385 180.0 5850.0
1.3426666666666667 7.2455 -22.313499999999998 -179.35 -23.8799 -180.0 5866.6667
1.3426666666666667 7.2455 -22.313499999999998 -179.35 -22.8301 -180.0 5883.3333
1.3426666666666667 7.2455 -22.313499999999998 -179.4324 -21.2085 -179.9998 5900.0
1.3426666666666667 7.2455 -22.313499999999998 -179.45 -19.6612 -180.0 5916.6667
1.3426666666666667 7.2455 -22.313499999999998 -179.6188 -17.637 -179.9995 5933.3333
1.3426666666666667 7.2455 -22.313499999999998 -179.9386 -14.5821 -179.9985 5950.0
1.3426666666666667 7.2455 -22.313499999999998 179.6781 -11.3468 -179.9981 5966.6667
1.3426666666666667 7.2455 -22.313499999999998 179.5166 -8.908 -179.9997 5983.3333
1.3424 7.2455 -22.313499999999998 179.5 -7.9732 -180.0 6000.0
1.3434666666666666 7.2455 -22.31375 179.4598 -7.2066 -179.9999 6016.6667
1.3401333333333334 7.2455 -22.313000000000002 179.45 -6.2164 -180.0 6033.3333
1.3778666666666666 7.2455 -22.320500000000003 179.45 -6.0085 -180.0 6050.0
1.4232 7.2455 -22.329500000000003 179.45 -5.9997 -180.0 6066.6667
1.4658666666666667 7.2455 -22.33775 179.45 -5.9997 180.0 6083.3333
1.5118666666666667 7.2455 -22.347 179.45 -5.9997 180.0 6100.0
1.556 7.2455 -22.3555 179.45 -5.9997 180.0 6116.6667
1.5989333333333333 7.2455 -22.364 179.4892 -5.9605 180.0 6133.3333
1.6449333333333334 7.2455 -22.372999999999998 179.9469 -5.9497 180.0 6150.0
1.6889333333333334 7.2455 -22.381500000000003 -179.8294 -5.7487 179.9999 6166.6667
1.7324 7.2455 -22.389000000000003 -179.8 -5.3075 180.0 6183.3333
1.7757333333333334 7.2455 -22.3955 -179.647 -4.6262 179.9998 6200.0
1.8218666666666665 7.2455 -22.40175 -179.4417 -4.1726 179.9999 6216.6667
1.866 7.2455 -22.407249999999998 -178.851 -3.9036 179.9997 6233.3333
1.9095999999999997 7.2455 -22.4125 -178.6235 -3.5821 179.9999 6250.0
1.9529333333333334 7.2455 -22.416999999999998 -178.6 -3.1272 180.0 6266.6667
1.9989333333333335 7.2455 -22.421000000000003 -178.6 -2.807 -180.0 6283.3333
2.0431999999999997 7.2455 -22.4255 -178.6 -2.5968 -180.0 6300.0
2.0872 7.2455 -22.426499999999997 -178.6 -2.4752 -180.0 6316.6667
2.1292 7.24525 -22.439 -178.6 -2.4134 180.0 6333.3333
2.1808 7.247 -22.37625 -178.525 -2.3622 -180.0 6350.0
2.1926666666666668 7.24925 -22.28925 -178.4627 -2.2007 180.0 6366.6667
2.1908000000000003 7.25125 -22.209500000000002 -178.45 -1.3517 180.0 6383.3333
2.192133333333333 7.254 -22.12275 -178.45 -0.6747 180.0 6400.0
2.1922666666666664 7.25625 -22.03925 -178.45 -0.2517 180.0 6416.6667
2.192133333333333 7.25825 -21.9585 -178.45 0.1405 -180.0 6433.3333
2.191733333333333 7.26075 -21.872 -178.45 0.4003 180.0 6450.0
2.1914666666666665 7.263 -21.78875 -178.45 0.4503 180.0 6466.6667
2.1910666666666665 7.26525 -21.707 -178.45 0.4503 180.0 6483.3333
2.1908000000000003 7.26725 -21.62575 -178.45 0.4503 180.0 6500.0
2.1904 7.26975 -21.5395 -178.45 0.4503 180.0 6516.6667
2.19 7.272 -21.456249999999997 -178.45 0.4503 180.0 6533.3333
2.1897333333333333 7.274 -21.37425 -178.45 0.4503 180.0 6550.0
2.189333333333333 7.27625 -21.293000000000003 -178.45 0.4503 180.0 6566.6667
2.1889333333333334 7.2785 -21.206999999999997 -178.45 0.4503 180.0 6583.3333
2.1886666666666663 7.280749999999999 -21.12325 -178.45 0.4503 180.0 6600.0
2.1882666666666664 7.283 -21.04225 -178.45 0.4846 180.0 6616.6667
2.187866666666667 7.28525 -20.95625 -178.45 0.5003 180.0 6633.3333
2.1874666666666664 7.2875 -20.87275 -178.45 0.5356 180.0 6650.0
2.1870666666666665 7.28975 -20.791 -178.45 0.5503 180.0 6666.6667
2.186533333333333 7.292 -20.7095 -178.45 0.5503 -180.0 6683.3333
2.1861333333333333 7.29425 -20.623749999999998 -178.45 0.5503 -180.0 6700.0
2.1857333333333333 7.2965 -20.539749999999998 -178.45 0.5503 -180.0 6716.6667
2.1853333333333333 7.29875 -20.459 -178.45 0.5503 -180.0 6733.3333
2.1848 7.301 -20.373 -178.45 0.5503 -180.0 6750.0
2.1843999999999997 7.3035 -20.2895 -178.45 0.5503 -180.0 6766.6667
2.1839999999999997 7.30575 -20.2075 -178.45 0.5503 -180.0 6783.3333
2.1835999999999998 7.308 -20.12625 -178.45 0.5503 -180.0 6800.0
2.1832000000000003 7.31025 -20.040499999999998 -178.45 0.5503 -180.0 6816.6667
2.182666666666667 7.3125 -19.9565 -178.45 0.5503 -180.0 6833.3333
2.1822666666666666 7.31475 -19.875 -178.45 0.5503 -180.0 6850.0
2.1818666666666666 7.317 -19.793750000000003 -178.45 0.5817 -180.0 6866.6667
2.1813333333333333 7.31925 -19.708000000000002 -178.45 0.6003 -180.0 6883.3333
2.180933333333333 7.3215 -19.624 -178.45 0.6003 -180.0 6900.0
2.1803999999999997 7.32375 -19.542250000000003 -178.45 0.6003 -180.0 6916.6667
2.1799999999999997 7.32575 -19.461 -178.45 0.6003 180.0 6933.3333
2.1794666666666664 7.328250000000001 -19.37525 -178.45 0.6003 180.0 6950.0
2.1790666666666665 7.3305 -19.291 -178.45 0.6003 180.0 6966.6667
2.1786666666666665 7.3325 -19.2105 -178.45 0.6003 180.0 6983.3333
2.1781333333333333 7.335 -19.12475 -178.45 0.6003 180.0 7000.0
2.1776 7.33725 -19.0405 -178.45 0.6003 180.0 7016.6667
2.1772 7.33925 -18.959 -178.45 0.6003 180.0 7033.3333
2.1768 7.3415 -18.87775 -178.45 0.6003 180.0 7050.0
2.1762666666666663 7.34375 -18.792 -178.45 0.6003 180.0 7066.6667
2.1758666666666664 7.3462499999999995 -18.70775 -178.45 0.6003 180.0 7083.3333
2.175333333333333 7.34825 -18.627 -178.45 0.6003 180.0 7100.0
2.174933333333333 7.3505 -18.54125 -178.4802 0.6003 180.0 7116.6667
2.1744 7.353 -18.457250000000002 -178.5 0.6003 180.0 7133.3333
2.174 7.355 -18.3755 -178.5 0.6003 180.0 7150.0
2.1734666666666667 7.35725 -18.294 -178.5 0.5719 180.0 7166.6667
2.1730666666666663 7.359500000000001 -18.2085 -178.5 0.5503 -180.0 7183.3333
2.1726666666666667 7.3614999999999995 -18.12425 -178.5 0.5503 -180.0 7200.0
2.1722666666666663 7.3637500000000005 -18.0425 -178.5 0.5503 -180.0 7216.6667
2.171733333333333 7.366 -17.96125 -178.5 0.5503 180.0 7233.3333
2.171333333333333 7.36825 -17.876 -178.5 0.5784 180.0 7250.0
2.170933333333333 7.37025 -17.7915 -178.4716 0.6003 180.0 7266.6667
2.1704 7.37275 -17.71 -178.4225 0.6003 180.0 7283.3333
2.17 7.375 -17.6285 -178.3735 0.6003 -180.0 7300.0
2.1694666666666667 7.37725 -17.5435 -178.35 0.6003 -180.0 7316.6667
2.1690666666666667 7.38 -17.4585 -178.35 0.6278 -180.0 7333.3333
2.1685333333333334 7.38225 -17.378 -178.3765 0.6503 180.0 7350.0
2.168 7.3845 -17.292749999999998 -178.4 0.6503 180.0 7366.6667
2.167466666666667 7.3870000000000005 -17.20775 -178.4 0.6228 180.0 7383.3333
2.1670666666666665 7.3892500000000005 -17.12725 -178.4 0.6003 -180.0 7400.0
2.166533333333333 7.3915 -17.04175 -178.3458 0.5732 -180.0 7416.6667
2.1661333333333332 7.39425 -16.95725 -178.0529 0.4954 -179.9999 7433.3333
2.1658666666666666 7.39775 -16.87575 -177.6647 0.3974 -179.9999 7450.0
2.1656 7.40175 -16.7945 -177.2196 0.2993 -179.9999 7466.6667
2.1656 7.40675 -16.7095 -176.4292 0.1461 -179.9996 7483.3333
2.1656 7.414 -16.625 -175.1559 -0.0556 -179.9993 7500.0
2.1657333333333333 7.42275 -16.544 -173.9657 -0.2517 -179.9996 7516.6667
2.166 7.4325 -16.463 -173.0588 -0.3987 -179.9998 7533.3333
2.166533333333333 7.44425 -16.37875 -172.05 -0.5497 -179.9995 7550.0
2.1670666666666665 7.4575 -16.294999999999998 -170.9392 -0.6497 -180.0 7566.6667
2.1675999999999997 7.47225 -16.215 -169.8118 -0.6987 -179.9997 7583.3333
2.168133333333333 7.4875 -16.13475 -169.1294 -0.7497 -180.0 7600.0
2.1686666666666667 7.50375 -16.05175 -168.8344 -0.7497 -180.0 7616.6667
2.1692 7.52125 -15.96825 -168.1833 -0.7987 -179.9998 7633.3333
2.1698666666666666 7.53875 -15.889500000000002 -167.6088 -0.8732 180.0 7650.0
2.1706666666666665 7.5575 -15.806750000000001 -167.1385 -0.9476 -179.9999 7666.6667
2.1714666666666664 7.57725 -15.72375 -166.702 -1.0242 -180.0 7683.3333
2.1722666666666663 7.596 -15.645500000000002 -166.5059 -1.0497 180.0 7700.0
2.1730666666666663 7.61625 -15.562750000000001 -166.2562 -1.0497 -180.0 7716.6667
2.1738666666666666 7.6370000000000005 -15.48025 -165.9039 -1.0987 -179.9999 7733.3333
2.1746666666666665 7.657 -15.401499999999999 -165.6059 -1.1497 -180.0 7750.0
2.1756 7.67775 -15.322750000000001 -165.4098 -1.1497 -180.0 7766.6667
2.1764 7.6995 -15.24075 -165.1167 -1.2184 -179.9999 7783.3333
2.1776 7.722 -15.158750000000001 -164.6412 -1.3703 -179.9998 7800.0
2.1786666666666665 7.744 -15.080499999999999 -164.2598 -1.4497 -180.0 7816.6667
2.1795999999999998 7.7665 -15.001999999999999 -164.1069 -1.4497 -180.0 7833.3333
2.1808 7.78975 -14.92075 -163.9406 -1.4716 -180.0 7850.0
2.182 7.81375 -14.838750000000001 -163.7549 -1.4997 -180.0 7866.6667
2.182933333333333 7.836749999999999 -14.76075 -163.6784 -1.4997 180.0 7883.3333
2.184133333333333 7.8595 -14.68225 -163.65 -1.4997 180.0 7900.0
2.1851999999999996 7.88325 -14.601500000000001 -163.65 -1.4997 180.0 7916.6667
2.1864 7.9072499999999994 -14.51925 -163.65 -1.4997 180.0 7933.3333
2.1874666666666664 7.93 -14.442 -163.65 -1.4997 180.0 7950.0
2.188533333333333 7.954000000000001 -14.36075 -163.65 -1.4997 180.0 7966.6667
2.1897333333333333 7.978 -14.279 -163.6499 -1.4997 180.0 7983.3333
2.1908000000000003 8.001000000000001 -14.20075 -163.65 -1.4997 180.0 8000.0
2.191866666666667 8.02375 -14.1225 -163.65 -1.4997 180.0 8016.6667
2.1930666666666667 8.0475 -14.04175 -163.7292 -1.4997 180.0 8033.3333
2.1941333333333333 8.07125 -13.95925 -163.9118 -1.4997 180.0 8050.0
2.1952 8.09325 -13.882000000000001 -164.0392 -1.4801 -180.0 8066.6667
2.1963999999999997 8.1165 -13.800749999999999 -164.1594 -1.4497 -180.0 8083.3333
2.1974666666666662 8.13975 -13.718250000000001 -164.2912 -1.4497 -180.0 8100.0
2.1985333333333332 8.1615 -13.64 -164.3696 -1.4497 180.0 8116.6667
2.1995999999999998 8.183499999999999 -13.561499999999999 -164.4373 -1.4497 -180.0 8133.3333
2.2006666666666668 8.20575 -13.48025 -164.5188 -1.431 -180.0 8150.0
2.2017333333333333 8.22875 -13.3975 -164.5696 -1.3997 -180.0 8166.6667
2.2028 8.25025 -13.319749999999999 -164.5999 -1.3997 -180.0 8183.3333
2.2038666666666664 8.2725 -13.2385 -164.6187 -1.3997 -180.0 8200.0
2.204933333333333 8.29525 -13.15575 -164.65 -1.3997 180.0 8216.6667
2.206 8.316749999999999 -13.07725 -164.65 -1.3997 -180.0 8233.3333
2.206933333333333 8.3385 -12.9985 -164.65 -1.3997 -180.0 8250.0
2.2079999999999997 8.3605 -12.9175 -164.65 -1.3997 -180.0 8266.6667
2.2090666666666663 8.3835 -12.835 -164.65 -1.3997 -180.0 8283.3333
2.2101333333333333 8.405000000000001 -12.75625 -164.65 -1.3997 -180.0 8300.0
2.2112 8.4265 -12.677750000000001 -164.65 -1.3997 -180.0 8316.6667
2.212266666666667 8.44875 -12.59675 -164.65 -1.3997 -180.0 8333.3333
2.2133333333333334 8.471499999999999 -12.514000000000001 -164.65 -1.3997 -180.0 8350.0
2.214266666666666 8.493 -12.436 -164.65 -1.3997 -180.0 8366.6667
2.215333333333333 8.51525 -12.355 -164.6667 -1.3997 -180.0 8383.3333
2.2164 8.538 -12.27225 -164.7 -1.3997 -180.0 8400.0
2.2174666666666667 8.559249999999999 -12.193750000000001 -164.7333 -1.3997 -180.0 8416.6667
2.2184 8.5805 -12.115 -164.9098 -1.3997 -180.0 8433.3333
2.2194666666666665 8.602 -12.034 -165.1969 -1.3997 -180.0 8450.0
2.2206666666666663 8.6235 -11.9505 -165.5333 -1.3997 180.0 8466.6667
2.2215999999999996 8.64275 -11.872 -166.0941 -1.3997 180.0 8483.3333
2.2228 8.6625 -11.790750000000001 -166.3938 -1.3997 180.0 8500.0
2.223866666666667 8.682500000000001 -11.707 -166.75 -1.3997 180.0 8516.6667
2.2249333333333334 8.69975 -11.6275 -167.7716 -1.4468 179.9994 8533.3333
2.2261333333333333 8.71425 -11.547 -169.6147 -1.6085 179.9997 8550.0
2.2274666666666665 8.72825 -11.465 -170.3667 -1.7789 179.9999 8566.6667
2.228933333333333 8.742 -11.37975 -170.8225 -1.8811 179.9999 8583.3333
2.2304 8.75425 -11.29975 -171.2882 -1.9791 179.9999 8600.0
2.2318666666666664 8.7665 -11.216999999999999 -171.5875 -2.0497 180.0 8616.6667
2.2336 8.778749999999999 -11.13175 -171.8314 -2.0654 180.0 8633.3333
2.2350666666666665 8.79025 -11.05125 -171.9588 -2.0997 180.0 8650.0
2.2367999999999997 8.80125 -10.97025 -172.1275 -2.0997 180.0 8666.6667
2.2384 8.8125 -10.88775 -172.2813 -2.0997 -180.0 8683.3333
2.2401333333333335 8.82375 -10.80225 -172.5294 -2.0997 -180.0 8700.0
2.2416 8.83425 -10.721499999999999 -172.6549 -2.1134 180.0 8716.6667
2.2432 8.84425 -10.64075 -172.8382 -2.1497 -180.0 8733.3333
2.244933333333333 8.8545 -10.558 -172.975 -2.1497 -180.0 8750.0
2.2466666666666666 8.86475 -10.47225 -173.1461 -2.1634 180.0 8766.6667
2.248266666666667 8.87425 -10.39175 -173.4637 -2.1997 180.0 8783.3333
2.25 8.883 -10.31025 -173.7088 -2.2232 180.0 8800.0
2.251733333333333 8.89175 -10.22775 -173.9228 -2.2997 180.0 8816.6667
2.2535999999999996 8.900500000000001 -10.14175 -174.1657 -2.3252 179.9999 8833.3333
2.255333333333333 8.908 -10.061 -174.7088 -2.4232 180.0 8850.0
2.257333333333333 8.9155 -9.978 -174.9688 -2.4997 180.0 8866.6667
2.259333333333333 8.9225 -9.892 -175.2637 -2.5252 180.0 8883.3333
2.2614666666666663 8.929 -9.811250000000001 -175.5206 -2.5997 180.0 8900.0
2.263333333333333 8.934750000000001 -9.728250000000001 -175.9104 -2.5997 180.0 8916.6667
2.2654666666666663 8.940000000000001 -9.64225 -176.6029 -2.5997 180.0 8933.3333
2.2674666666666665 8.943750000000001 -9.561 -177.1794 -2.5997 180.0 8950.0
2.269333333333333 8.94725 -9.47925 -177.7401 -2.5997 180.0 8966.6667
2.271333333333333 8.94975 -9.39625 -178.3437 -2.5893 -180.0 8983.3333
2.2734666666666667 8.9515 -9.30975 -178.7823 -2.5497 180.0 9000.0
2.275333333333333 8.95275 -9.2285 -179.1038 -2.5497 180.0 9016.6667
2.2773333333333334 8.95375 -9.14675 -179.3293 -2.5497 -180.0 9033.3333
2.279333333333333 8.95425 -9.064 -179.4781 -2.5497 -180.0 9050.0
2.2813333333333334 8.955 -8.977500000000001 -179.5999 -2.5497 -180.0 9066.6667
2.283333333333333 8.9555 -8.89625 -179.5999 -2.5497 -180.0 9083.3333
2.2851999999999997 8.956 -8.814499999999999 -179.5999 -2.5497 -180.0 9100.0
2.2870666666666666 8.9565 -8.73175 -179.5999 -2.5497 180.0 9116.6667
2.2892 8.9575 -8.645 -179.5999 -2.5497 -180.0 9133.3333
2.2912 8.95775 -8.564 -179.5999 -2.5497 -180.0 9150.0
2.293066666666667 8.95825 -8.481 -179.5999 -2.5497 -180.0 9166.6667
2.2952 8.959 -8.3945 -179.6195 -2.5497 -180.0 9183.3333
2.2971999999999997 8.95925 -8.313 -179.744 -2.5321 -180.0 9200.0
2.2989333333333333 8.9595 -8.23125 -179.9499 -2.4497 -180.0 9216.6667
2.3007999999999997 8.9595 -8.14875 -179.9864 -2.4424 -180.0 9233.3333
2.3028 8.959 -8.062000000000001 179.4648 -2.3997 180.0 9250.0
2.304533333333333 8.95575 -7.981 177.7589 -2.3997 180.0 9266.6667
2.3064 8.951 -7.8985 176.7595 -2.3851 -179.9998 9283.3333
2.308266666666667 8.943750000000001 -7.81225 175.2354 -2.2732 -179.9999 9300.0
2.3098666666666667 8.936 -7.731 174.6766 -2.1419 -180.0 9316.6667
2.3114666666666666 8.92825 -7.6495 174.5501 -2.0997 -180.0 9333.3333
2.3129333333333335 8.9205 -7.567500000000001 174.4751 -2.0872 -179.9999 9350.0
2.3146666666666667 8.911000000000001 -7.481 173.9266 -1.9997 -180.0 9366.6667
2.3162666666666665 8.902249999999999 -7.400250000000001 173.8001 -1.9997 -180.0 9383.3333
2.3176 8.8935 -7.3185 173.8001 -1.9997 -180.0 9400.0
2.3192 8.8845 -7.23675 173.6959 -1.9997 -180.0 9416.6667
2.3207999999999998 8.8735 -7.150499999999999 172.7383 -1.9928 -180.0 9433.3333
2.3222666666666667 8.862749999999998 -7.069999999999999 172.2619 -1.9497 -180.0 9450.0
2.323733333333333 8.8505 -6.988250000000001 171.5011 -1.9445 -180.0 9466.6667
2.325333333333333 8.835999999999999 -6.9025 170.6226 -1.8928 -180.0 9483.3333
2.3266666666666667 8.822750000000001 -6.8225 170.4325 -1.8497 -180.0 9500.0
2.3280000000000003 8.8085 -6.7410000000000005 170.2845 -1.8445 -180.0 9516.6667
2.3296 8.79375 -6.6555 170.1226 -1.7928 -180.0 9533.3333
2.3308 8.7795 -6.5755 169.9325 -1.7438 -180.0 9550.0
2.332 8.765 -6.49475 169.7952 -1.6997 -180.0 9566.6667
2.333333333333333 8.75025 -6.414499999999999 169.7501 -1.6997 -180.0 9583.3333
2.3346666666666662 8.73575 -6.3335 169.7501 -1.6997 -180.0 9600.0
2.336 8.72025 -6.248 169.7501 -1.6997 -180.0 9616.6667
2.3372 8.70575 -6.16775 169.7501 -1.6997 180.0 9633.3333
2.3385333333333334 8.690999999999999 -6.086749999999999 169.7501 -1.6997 180.0 9650.0
2.3398666666666665 8.67575 -6.001250000000001 169.7501 -1.6997 180.0 9666.6667
2.3411999999999997 8.661 -5.92075 169.7501 -1.6997 180.0 9683.3333
2.3424 8.64675 -5.84025 169.7501 -1.6997 180.0 9700.0
2.3436 8.632 -5.759499999999999 169.7501 -1.6997 180.0 9716.6667
2.345066666666667 8.6165 -5.67375 169.7501 -1.6997 180.0 9733.3333
2.3464 8.602 -5.593500000000001 169.7501 -1.6997 180.0 9750.0
2.3476 8.5875 -5.51275 169.7501 -1.6997 180.0 9766.6667
2.3489333333333335 8.571750000000002 -5.427 169.7501 -1.6997 180.0 9783.3333
2.3502666666666663 8.557500000000001 -5.34675 169.7501 -1.6997 180.0 9800.0
2.351466666666666 8.54275 -5.266 169.7501 -1.6997 180.0 9816.6667
2.3528 8.52825 -5.18525 169.7501 -1.6997 180.0 9833.3333
2.354133333333333 8.5125 -5.099749999999999 169.7501 -1.6997 180.0 9850.0
2.3553333333333333 8.49825 -5.0192499999999995 169.7501 -1.6997 180.0 9866.6667
2.3566666666666665 8.4835 -4.9385 169.7501 -1.6997 180.0 9883.3333
2.3581333333333334 8.468 -4.85325 169.7501 -1.6997 180.0 9900.0
2.3592 8.4535 -4.77275 169.7501 -1.6997 180.0 9916.6667
2.3605333333333336 8.439 -4.69225 169.7501 -1.6997 180.0 9933.3333
2.3618666666666663 8.42425 -4.6115 169.7501 -1.6997 180.0 9950.0
2.3632 8.408999999999999 -4.526 169.7501 -1.6997 180.0 9966.6667
2.3644 8.39425 -4.4455 169.7501 -1.6997 180.0 9983.3333
2.3657333333333335 8.37975 -4.36475 169.7501 -1.6997 180.0 10000.0
2.3670666666666667 8.36425 -4.27925 169.7501 -1.6997 180.0 10016.6667
2.3684 8.34975 -4.19875 169.7501 -1.6997 180.0 10033.3333
2.3695999999999997 8.335 -4.118 169.7501 -1.6997 180.0 10050.0
2.3709333333333333 8.3205 -4.0375 169.7501 -1.6997 180.0 10066.6667
2.3722666666666665 8.305 -3.95175 169.7501 -1.6997 180.0 10083.3333
2.3735999999999997 8.2905 -3.87125 169.7501 -1.6997 180.0 10100.0
2.3749333333333333 8.27575 -3.79075 169.7501 -1.6997 180.0 10116.6667
2.376133333333333 8.2605 -3.70525 169.7501 -1.6997 180.0 10133.3333
2.3774666666666664 8.245750000000001 -3.6245 169.7501 -1.6997 180.0 10150.0
2.3788 8.231 -3.54375 169.7501 -1.6997 180.0 10166.6667
2.380133333333333 8.2165 -3.46325 169.7501 -1.6997 180.0 10183.3333
2.381333333333333 8.201 -3.37775 169.7501 -1.6997 180.0 10200.0
2.3826666666666667 8.1865 -3.2969999999999997 169.7501 -1.6997 180.0 10216.6667
2.3839999999999995 8.17175 -3.2165 169.7501 -1.6997 180.0 10233.3333
2.3851999999999998 8.157499999999999 -3.13625 169.7501 -1.6997 180.0 10250.0
2.3865333333333334 8.14175 -3.05075 169.7501 -1.6997 180.0 10266.6667
2.3878666666666666 8.12725 -2.9699999999999998 169.7501 -1.6997 180.0 10283.3333
2.3890666666666664 8.11275 -2.8895 169.7501 -1.6997 180.0 10300.0
2.390533333333333 8.097249999999999 -2.804 169.7501 -1.6997 180.0 10316.6667
2.3917333333333333 8.0825 -2.723 169.7501 -1.6997 -180.0 10333.3333
2.392933333333333 8.068 -2.6425 169.7501 -1.6997 -180.0 10350.0
2.3942666666666668 8.0535 -2.5622499999999997 169.7501 -1.6997 -180.0 10366.6667
2.3957333333333333 8.038 -2.47675 169.8459 -1.6997 -180.0 10383.3333
2.3968 8.02375 -2.3955 169.8972 -1.6997 -180.0 10400.0
2.398133333333333 8.00975 -2.3152500000000003 170.0383 -1.6997 180.0 10416.6667
2.3996 7.99475 -2.2295000000000003 170.1459 -1.6997 -180.0 10433.3333
2.4008 7.9807500000000005 -2.1485000000000003 170.1972 -1.7468 180.0 10450.0
2.4022666666666668 7.96725 -2.0677499999999998 170.5226 -1.8419 -180.0 10466.6667
2.4037333333333333 7.95475 -1.9867499999999998 171.1364 -1.9399 -179.9999 10483.3333
2.4052 7.94225 -1.90625 171.2442 -1.9497 -180.0 10500.0
2.4067999999999996 7.92925 -1.82025 171.3876 -1.9955 -180.0 10516.6667
2.408266666666667 7.917 -1.7389999999999999 171.4903 -1.9997 -180.0 10533.3333
2.409866666666667 7.905 -1.65825 171.5442 -1.9997 -180.0 10550.0
2.4114666666666666 7.89225 -1.5725 171.5959 -2.0455 -180.0 10566.6667
2.4132 7.8805 -1.491 171.6452 -2.0497 180.0 10583.3333
2.4138666666666664 7.86875 -1.41 171.6942 -2.0497 180.0 10600.0
2.4186666666666667 7.85675 -1.3295000000000001 171.7001 -2.0497 180.0 10616.6667
2.3784 7.84425 -1.2405 171.7897 -2.0497 180.0 10633.3333
2.3350666666666666 7.8325000000000005 -1.15575 171.8442 -2.0497 180.0 10650.0
2.2934666666666663 7.82125 -1.0725 171.9364 -2.0928 -180.0 10666.6667
2.2488 7.8092500000000005 -0.98325 172.0397 -2.1445 -180.0 10683.3333
2.2064 7.797750000000001 -0.8985 172.1383 -2.1938 -180.0 10700.0
2.1653333333333333 7.78675 -0.8142499999999999 172.1501 -2.1997 -180.0 10716.6667
2.119866666666667 7.7755 -0.7302500000000001 172.1923 -2.2419 -180.0 10733.3333
2.1166666666666667 7.764 -0.644 172.3313 -2.3372 -180.0 10750.0
2.1196 7.75325 -0.562 172.4795 -2.4791 -180.0 10766.6667
2.1212 7.74275 -0.481 172.5423 -2.5419 -180.0 10783.3333
2.1233333333333335 7.7322500000000005 -0.40025 172.6325 -2.6321 -180.0 10800.0
2.125466666666667 7.721 -0.31425000000000003 172.6928 -2.6924 -180.0 10816.6667
2.1276 7.7105 -0.23224999999999998 172.7423 -2.7419 -180.0 10833.3333
2.1296 7.7005 -0.1515 172.7913 -2.7909 -180.0 10850.0
2.131866666666667 7.6895 -0.06575 172.8001 -2.7997 -180.0 10866.6667
2.134 7.67925 0.0165 172.8423 -2.8419 -180.0 10883.3333
2.1362666666666668 7.66925 0.097 172.8501 -2.8909 -180.0 10900.0
2.1386666666666665 7.65825 0.18275 172.8501 -2.8997 -180.0 10916.6667
2.1406666666666667 7.648 0.26475 172.8501 -2.8997 -180.0 10933.3333
2.142933333333333 7.6377500000000005 0.34625000000000006 172.8913 -2.8997 -180.0 10950.0
2.1452 7.62775 0.42674999999999996 172.9001 -2.9399 -180.0 10966.6667
2.147466666666667 7.61725 0.51275 172.9418 -2.9497 -180.0 10983.3333
2.1497333333333333 7.607 0.59475 172.9501 -2.9497 -180.0 11000.0
2.152 7.597 0.6759999999999999 172.9903 -2.9899 -180.0 11016.6667
2.1544 7.58725 0.75675 173.0393 -3.0781 -180.0 11033.3333
2.1569333333333334 7.5767500000000005 0.8425 173.1313 -3.1403 -180.0 11050.0
2.1592 7.567 0.92475 173.1903 -3.1899 -180.0 11066.6667
2.1617333333333333 7.55725 1.006 173.2393 -3.2389 -180.0 11083.3333
2.1642666666666663 7.54775 1.0867499999999999 173.3266 -3.3644 -180.0 11100.0
2.1670666666666665 7.538 1.1724999999999999 173.3897 -3.4789 -180.0 11116.6667
2.1698666666666666 7.5285 1.255 173.4785 -3.5389 -180.0 11133.3333
2.172533333333333 7.5192499999999995 1.3355000000000001 173.5383 -3.6262 -180.0 11150.0
2.1754666666666664 7.50975 1.4212500000000001 173.6688 -3.808 -180.0 11166.6667
2.178533333333333 7.501 1.5037500000000001 173.7785 -3.9281 -180.0 11183.3333
2.1816 7.49225 1.5842500000000002 173.8766 -4.0262 -180.0 11200.0
2.1849333333333334 7.483 1.6700000000000002 173.9397 -4.1685 -180.0 11216.6667
2.1882666666666664 7.47425 1.7522499999999999 173.9893 -4.2389 -180.0 11233.3333
2.1914666666666665 7.46575 1.8335000000000001 174.0383 -4.3262 -180.0 11250.0
2.1948 7.4575 1.91425 174.0874 -4.387 -180.0 11266.6667
2.1982666666666666 7.448499999999999 2.0002500000000003 174.1001 -4.3998 -180.0 11283.3333
2.2017333333333333 7.44 2.0825 174.1383 -4.4762 -180.0 11300.0
2.2052 7.43175 2.1637500000000003 174.1501 -4.537 -180.0 11316.6667
2.208666666666667 7.4235 2.2445 174.2226 -4.6586 -180.0 11333.3333
2.2126666666666663 7.41475 2.33 174.2501 -4.7373 -180.0 11350.0
2.2150666666666665 7.406499999999999 2.413 174.2501 -4.7498 180.0 11366.6667
2.223733333333333 7.3985 2.49225 174.2864 -4.8223 -180.0 11383.3333
2.192 7.38975 2.58375 174.3376 -4.8873 -180.0 11400.0
2.1492 7.38175 2.6740000000000004 174.3874 -4.8998 -180.0 11416.6667
2.110133333333333 7.37375 2.76175 174.4364 -4.9361 -180.0 11433.3333
2.070533333333333 7.36575 2.8495 174.4501 -4.9851 -180.0 11450.0
2.0288 7.357749999999999 2.94275 174.5959 -5.0727 -180.0 11466.6667
1.9882666666666666 7.35 3.0335 174.7226 -5.1723 -180.0 11483.3333
1.9494666666666667 7.343 3.121 174.856 -5.2704 -180.0 11500.0
1.9074666666666666 7.33525 3.21475 174.973 -5.3363 -180.0 11516.6667
1.8685333333333334 7.328250000000001 3.305 175.1452 -5.4586 -179.9999 11533.3333
1.8250666666666666 7.32175 3.3952500000000003 175.3766 -5.641 -179.9999 11550.0
1.8176 7.31525 3.4779999999999998 175.553 -5.7341 -180.0 11566.6667
1.8249333333333335 7.30875 3.5627500000000003 175.6709 -5.7498 -180.0 11583.3333
1.8288 7.30275 3.646 175.7707 -5.7851 -180.0 11600.0
1.8334666666666668 7.297 3.727 175.8687 -5.8341 -180.0 11616.6667
1.8377333333333332 7.291 3.8077499999999995 175.9334 -5.8498 -180.0 11633.3333
1.8424 7.285 3.893 176.0188 -5.8842 -180.0 11650.0
1.8470666666666666 7.2795000000000005 3.9762500000000003 176.1187 -5.9341 -180.0 11666.6667
1.8516 7.27425 4.0565 176.1834 -5.9831 -180.0 11683.3333
1.8564 7.2685 4.142 176.2688 -6.0342 -180.0 11700.0
1.8610666666666666 7.26325 4.225 176.3344 -6.0498 -180.0 11716.6667
1.8656000000000001 7.25775 4.3062499999999995 176.3501 -6.0498 -180.0 11733.3333
1.8702666666666667 7.2524999999999995 4.387 176.3825 -6.0822 -180.0 11750.0
1.8752 7.2475000000000005 4.47225 176.4334 -6.1331 -180.0 11766.6667
1.8798666666666668 7.24225 4.5555 176.4501 -6.1498 -180.0 11783.3333
1.8845333333333334 7.2372499999999995 4.63625 176.4825 -6.1498 -180.0 11800.0
1.8892000000000002 7.23225 4.7170000000000005 176.5001 -6.1498 -180.0 11816.6667
1.8941333333333332 7.227 4.80225 176.5001 -6.1498 -180.0 11833.3333
1.8990666666666667 7.2219999999999995 4.88575 176.5325 -6.1822 -180.0 11850.0
1.9036 7.21725 4.966 176.5815 -6.1998 -180.0 11866.6667
1.9085333333333332 7.212 5.0512500000000005 176.6324 -6.1998 -180.0 11883.3333
1.9133333333333333 7.20725 5.134499999999999 176.6825 -6.2322 -180.0 11900.0
1.9181333333333332 7.202500000000001 5.2155 176.7315 -6.2498 -180.0 11916.6667
1.9229333333333334 7.19775 5.2965 176.7805 -6.2498 -180.0 11933.3333
1.9277333333333333 7.19325 5.3815 176.8001 -6.2498 -180.0 11950.0
1.9326666666666668 7.1885 5.465 176.8315 -6.2498 180.0 11966.6667
1.937466666666667 7.184 5.545 176.8501 -6.2498 -180.0 11983.3333
1.9422666666666666 7.1795 5.63025 176.8814 -6.2498 -180.0 12000.0
1.9472 7.175 5.713749999999999 176.9315 -6.2498 -180.0 12016.6667
1.952 7.1705 5.79475 176.9501 -6.2498 -180.0 12033.3333
1.9566666666666666 7.166 5.875500000000001 176.9501 -6.2498 -180.0 12050.0
1.9616 7.16175 5.9605 176.9501 -6.2498 -180.0 12066.6667
1.9665333333333332 7.15725 6.04425 176.9501 -6.2498 -180.0 12083.3333
1.9712 7.15275 6.125 176.9501 -6.2498 -180.0 12100.0
1.9760000000000002 7.1485 6.20575 176.9501 -6.2498 -180.0 12116.6667
1.9809333333333332 7.144 6.2905 176.9501 -6.2498 -180.0 12133.3333
1.9857333333333334 7.1395 6.374499999999999 176.9501 -6.2498 -180.0 12150.0
1.9905333333333335 7.13525 6.4544999999999995 176.9501 -6.2498 -180.0 12166.6667
1.9954666666666667 7.13075 6.5395 176.9501 -6.2498 -180.0 12183.3333
2.0002666666666666 7.1259999999999994 6.6232500000000005 176.9501 -6.2498 -180.0 12200.0
2.0054666666666665 7.1217500000000005 6.70425 176.9501 -6.2498 -180.0 12216.6667
2.0088 7.1175 6.7852500000000004 176.9501 -6.2498 -180.0 12233.3333
2.0182666666666664 7.1129999999999995 6.869 176.9501 -6.2498 -180.0 12250.0
1.9975999999999998 7.1085 6.9585 176.9501 -6.2498 -180.0 12266.6667
1.9550666666666667 7.104 7.04825 176.9501 -6.2498 -180.0 12283.3333
1.9158666666666666 7.0995 7.1419999999999995 176.9501 -6.2498 -180.0 12300.0
1.8756 7.09525 7.23525 176.9501 -6.2498 -180.0 12316.6667
1.8373333333333333 7.09075 7.325 176.9501 -6.2498 -180.0 12333.3333
1.7985333333333333 7.0865 7.41475 176.9501 -6.2498 -180.0 12350.0
1.7594666666666667 7.08175 7.5085 176.9501 -6.2498 -180.0 12366.6667
1.7149333333333332 7.077500000000001 7.60275 176.9501 -6.2498 180.0 12383.3333
1.7002666666666666 7.07325 7.68675 176.9501 -6.2498 180.0 12400.0
1.7093333333333334 7.0685 7.7705 176.9501 -6.2498 -180.0 12416.6667
1.7132 7.064 7.85475 176.9501 -6.2498 -180.0 12433.3333
1.7181333333333333 7.0595 7.9357500000000005 176.9501 -6.2498 -180.0 12450.0
1.7229333333333332 7.05525 8.0165 176.9501 -6.2498 180.0 12466.6667
1.7278666666666667 7.051 8.101 176.9501 -6.2498 -180.0 12483.3333
1.7326666666666666 7.046250000000001 8.18525 176.9501 -6.2498 180.0 12500.0
1.7374666666666667 7.042 8.266250000000001 176.9501 -6.2498 -180.0 12516.6667
1.7422666666666666 7.0375 8.34725 176.9501 -6.2498 180.0 12533.3333
1.7470666666666665 7.03325 8.4315 176.9501 -6.2498 180.0 12550.0
1.752 7.0287500000000005 8.516 176.9501 -6.2498 -180.0 12566.6667
1.7566666666666666 7.0245 8.596 176.9991 -6.2498 -180.0 12583.3333
1.7617333333333334 7.02 8.6805 177.0501 -6.2498 180.0 12600.0
1.7666666666666666 7.015499999999999 8.76475 177.0501 -6.2753 -180.0 12616.6667
1.7713333333333332 7.0115 8.84575 177.0991 -6.2998 -180.0 12633.3333
1.7761333333333333 7.0075 8.9265 177.1501 -6.2998 -180.0 12650.0
1.7810666666666666 7.0032499999999995 9.01075 177.198 -6.2998 -180.0 12666.6667
1.786 6.999499999999999 9.09525 177.3236 -6.2998 -180.0 12683.3333
1.7908 6.99575 9.176 177.4707 -6.3233 -180.0 12700.0
1.7955999999999999 6.99225 9.257 177.6177 -6.3723 -180.0 12716.6667
1.8006666666666666 6.98925 9.341000000000001 177.8605 -6.4456 -179.9999 12733.3333
1.8058666666666665 6.9865 9.42575 178.1677 -6.5469 -179.9999 12750.0
1.8108 6.984249999999999 9.506 178.4805 -6.6449 -179.9999 12766.6667
1.8161333333333334 6.9825 9.590250000000001 178.7459 -6.7227 -180.0 12783.3333
1.8215999999999999 6.9807500000000005 9.67475 178.9413 -6.7969 -179.9999 12800.0
1.8266666666666667 6.9799999999999995 9.755749999999999 179.3481 -6.8949 -179.9999 12816.6667
1.832 6.979749999999999 9.836500000000001 179.8442 -7.0145 -179.9999 12833.3333
1.8376 6.9799999999999995 9.920250000000001 -179.8562 -7.1217 -180.0 12850.0
1.8433333333333333 6.9805 10.00525 -179.6872 -7.1949 -179.9999 12866.6667
1.8488 6.981 10.084999999999999 -179.4636 -7.2929 -180.0 12883.3333
1.8546666666666667 6.9822500000000005 10.168999999999999 -179.2843 -7.3498 -180.0 12900.0
1.8604 6.983499999999999 10.253499999999999 -179.1999 -7.3498 -180.0 12916.6667
1.866 6.9845 10.33425 -179.1999 -7.3498 180.0 12933.3333
1.8714666666666666 6.98575 10.41525 -179.1999 -7.3498 180.0 12950.0
1.8774666666666666 6.987 10.499 -179.1999 -7.3499 180.0 12966.6667
1.8824 6.9879999999999995 10.584 -179.1999 -7.3499 180.0 12983.3333
1.8917333333333333 6.98925 10.664 -179.1999 -7.3499 -180.0 13000.0
1.8808 6.990500000000001 10.748750000000001 -179.1999 -7.3499 -180.0 13016.6667
1.8373333333333333 6.9915 10.844249999999999 -179.1999 -7.3499 180.0 13033.3333
1.7992 6.99275 10.940000000000001 -179.1999 -7.3499 180.0 13050.0
1.7616 6.994 11.030249999999999 -179.1999 -7.3499 180.0 13066.6667
1.7226666666666666 6.994999999999999 11.125 -179.1999 -7.3499 180.0 13083.3333
1.6831999999999998 6.99625 11.221 -179.1999 -7.3499 180.0 13100.0
1.6457333333333333 6.9975000000000005 11.3115 -179.1999 -7.3499 180.0 13116.6667
1.6077333333333335 6.9985 11.40575 -179.1999 -7.3499 180.0 13133.3333
1.5645333333333333 6.99975 11.5025 -179.1999 -7.3499 180.0 13150.0
1.5437333333333334 7.001 11.5895 -179.1999 -7.3499 180.0 13166.6667
1.5541333333333331 7.002000000000001 11.66975 -179.1999 -7.3499 180.0 13183.3333
1.5584000000000002 7.0032499999999995 11.751000000000001 -179.1999 -7.3499 180.0 13200.0
1.5645333333333333 7.00425 11.834249999999999 -179.1999 -7.3499 180.0 13216.6667
1.5702666666666667 7.0055 11.919249999999998 -179.1999 -7.3499 180.0 13233.3333
1.5757333333333334 7.00675 11.999500000000001 -179.1999 -7.3499 180.0 13250.0
1.5814666666666666 7.00775 12.082999999999998 -179.1999 -7.3499 180.0 13266.6667
1.5873333333333333 7.009 12.168000000000001 -179.1999 -7.3499 180.0 13283.3333
1.5929333333333333 7.010249999999999 12.24875 -179.1999 -7.3499 180.0 13300.0
1.5984 7.01125 12.329749999999999 -179.1999 -7.3499 180.0 13316.6667
1.6041333333333334 7.0125 12.412749999999999 -179.1999 -7.3499 180.0 13333.3333
1.6099999999999999 7.01375 12.498249999999999 -179.1999 -7.3499 180.0 13350.0
1.6156000000000001 7.014749999999999 12.57825 -179.1999 -7.3499 180.0 13366.6667
1.6213333333333333 7.016 12.6615 -179.1999 -7.3499 180.0 13383.3333
1.6270666666666667 7.017250000000001 12.74675 -179.1999 -7.3499 180.0 13400.0
1.6326666666666667 7.01825 12.8275 -179.1999 -7.3499 180.0 13416.6667
1.6382666666666668 7.0192499999999995 12.9085 -179.1999 -7.3499 180.0 13433.3333
1.644 7.0207500000000005 12.9915 -179.1999 -7.3499 180.0 13450.0
1.6498666666666666 7.02175 13.077000000000002 -179.1999 -7.3499 180.0 13466.6667
1.6553333333333333 7.02275 13.157250000000001 -179.1999 -7.3499 180.0 13483.3333
1.6610666666666667 7.02425 13.240499999999999 -179.1999 -7.3499 180.0 13500.0
1.6670666666666667 7.02525 13.325750000000001 -179.1999 -7.3499 180.0 13516.6667
1.6726666666666667 7.02625 13.4065 -179.1999 -7.3499 180.0 13533.3333
1.6781333333333335 7.0275 13.487499999999999 -179.1999 -7.3499 180.0 13550.0
1.6837333333333333 7.0287500000000005 13.57025 -179.1853 -7.3645 -180.0 13566.6667
1.6897333333333333 7.03025 13.65575 -179.1185 -7.4313 -180.0 13583.3333
1.6954666666666667 7.0315 13.736250000000002 -179.0352 -7.5146 -180.0 13600.0
1.7012 7.0329999999999995 13.8175 -178.9862 -7.5499 -180.0 13616.6667
1.7070666666666665 7.0344999999999995 13.899999999999999 -178.9364 -7.577 -180.0 13633.3333
1.7130666666666667 7.036250000000001 13.9855 -178.8852 -7.6646 -180.0 13650.0
1.7189333333333334 7.03775 14.06575 -178.8499 -7.6999 -180.0 13666.6667
1.7249333333333334 7.0395 14.148499999999999 -178.8499 -7.6999 180.0 13683.3333
1.7310666666666665 7.04125 14.234 -178.8499 -7.6999 180.0 13700.0
1.7368000000000001 7.04275 14.31475 -178.8499 -7.6999 180.0 13716.6667
1.7426666666666668 7.044499999999999 14.395500000000002 -178.8499 -7.6999 180.0 13733.3333
1.7486666666666666 7.046250000000001 14.478 -178.8499 -7.6999 180.0 13750.0
1.7549333333333332 7.048 14.563749999999999 -178.8499 -7.6999 180.0 13766.6667
1.7606666666666668 7.0495 14.644250000000001 -178.8499 -7.6999 180.0 13783.3333
1.7664 7.0512500000000005 14.72525 -178.8499 -7.6999 180.0 13800.0
1.7724 7.05275 14.807749999999999 -178.8499 -7.6999 180.0 13816.6667
1.7786666666666666 7.0545 14.8935 -178.8499 -7.6999 180.0 13833.3333
1.7844 7.05625 14.973749999999999 -178.8499 -7.6999 180.0 13850.0
1.7904 7.058 15.05625 -178.8499 -7.6999 180.0 13866.6667
1.7965333333333333 7.059749999999999 15.142 -178.8499 -7.6999 180.0 13883.3333
1.8022666666666667 7.06125 15.222 -178.8499 -7.6999 180.0 13900.0
1.8082666666666667 7.063000000000001 15.30475 -178.8499 -7.6999 180.0 13916.6667
1.8145333333333333 7.06475 15.390250000000002 -178.8499 -7.6999 180.0 13933.3333
1.8202666666666667 7.06625 15.471 -178.8499 -7.6999 180.0 13950.0
1.8261333333333334 7.068 15.55225 -178.8499 -7.6999 180.0 13966.6667
1.832 7.0695 15.634250000000002 -178.8499 -7.6999 180.0 13983.3333
1.8384 7.07125 15.72 -178.8499 -7.6999 180.0 14000.0
1.8436 7.07275 15.801 -178.8499 -7.6999 180.0 14016.6667
1.8514666666666666 7.0745000000000005 15.881499999999999 -178.8499 -7.6999 -180.0 14033.3333
1.8502666666666667 7.07625 15.965499999999999 -178.8499 -7.6999 180.0 14050.0
1.8072000000000001 7.07775 16.063750000000002 -178.8499 -7.6999 180.0 14066.6667
1.7710666666666666 7.0794999999999995 16.155 -178.8499 -7.6999 -180.0 14083.3333
1.7334666666666667 7.081250000000001 16.24725 -178.8411 -7.7087 -180.0 14100.0
1.6956 7.083 16.34025 -178.7916 -7.7666 -180.0 14116.6667
1.6562666666666668 7.08475 16.438 -178.7205 -7.9283 -179.9999 14133.3333
1.6196 7.087 16.53025 -178.5646 -8.3734 -179.9998 14150.0
1.5828000000000002 7.0895 16.62525 -178.3749 -9.0499 -179.9999 14166.6667
1.5450666666666666 7.0920000000000005 16.72525 -178.2205 -9.6872 -179.9999 14183.3333
1.5101333333333335 7.0947499999999994 16.82 -178.0823 -10.3734 -179.9999 14200.0
1.4756 7.09775 16.916 -177.9686 -11.0911 -179.9998 14216.6667
1.4418666666666666 7.10075 17.014 -177.7853 -12.0249 -179.9999 14233.3333
1.4072 7.1045 17.11825 -177.6823 -13.1999 -179.9999 14250.0
1.3757333333333333 7.10775 17.21675 -177.5843 -14.1038 -179.9998 14266.6667
1.3449333333333333 7.1115 17.3185 -177.4853 -15.353 -179.9999 14283.3333
1.3136 7.1155 17.42625 -177.3823 -16.3999 -179.9999 14300.0
1.2849333333333335 7.119 17.528 -177.2999 -17.2019 -180.0 14316.6667
1.2568000000000001 7.123 17.63125 -177.2659 -18.1136 -179.9993 14333.3333
1.2313333333333332 7.12725 17.7375 -177.0189 -20.7999 -179.9992 14350.0
1.2076 7.13225 17.852 -176.7765 -23.8666 -179.9997 14366.6667
1.1871999999999998 7.13725 17.96025 -176.6226 -25.5744 -179.9995 14383.3333
1.1684 7.142250000000001 18.07175 -176.4312 -27.4374 -179.9998 14400.0
1.15 7.148 18.189500000000002 -176.2456 -28.8156 -179.9988 14416.6667
1.1354666666666666 7.1537500000000005 18.301000000000002 -175.9294 -31.2146 -179.9998 14433.3333
1.1217333333333332 7.15975 18.415 -175.7999 -32.2499 -180.0 14450.0
1.1074666666666668 7.16625 18.534 -175.7999 -32.2499 -180.0 14466.6667
1.0928 7.172000000000001 18.647750000000002 -175.7863 -32.4146 -179.9999 14483.3333
1.084 7.17825 18.75675 -175.6882 -33.5381 -179.9999 14500.0
1.1105333333333332 7.1845 18.821749999999998 -175.5999 -34.2391 -180.0 14516.6667
1.1352 7.1907499999999995 18.88975 -175.588 -35.3124 -179.999 14533.3333
1.1672 7.19775 18.951999999999998 -175.4499 -43.3793 -180.0 14550.0
1.1978666666666666 7.20425 19.0095 -175.4499 -45.0999 -180.0 14566.6667
1.2289333333333334 7.21075 19.06725 -175.4499 -45.4041 180.0 14583.3333
1.264 7.2175 19.12375 -175.494 -49.5558 179.9962 14600.0
1.3 7.2235 19.168499999999998 -175.8866 -56.1293 179.997 14616.6667
1.3385333333333334 7.229 19.20825 -176.27 -61.2041 179.9992 14633.3333
1.3798666666666668 7.234 19.24675 -176.5057 -63.5734 179.9999 14650.0
1.4193333333333333 7.239 19.2815 -176.5688 -64.7057 179.9992 14666.6667
1.4593333333333334 7.2435 19.314 -176.7538 -66.6547 179.9999 14683.3333
1.4997333333333334 7.2482500000000005 19.3455 -176.8059 -67.406 179.9998 14700.0
1.5430666666666668 7.253 19.3765 -176.8999 -69.0586 180.0 14716.6667
1.5838666666666668 7.25725 19.404999999999998 -176.911 -69.7959 179.9993 14733.3333
1.6254666666666666 7.2615 19.4295 -177.0632 -72.3145 179.9985 14750.0
1.6678666666666666 7.265499999999999 19.4495 -177.3078 -75.8144 179.9996 14766.6667
1.7132 7.269 19.46875 -177.511 -77.4253 179.9993 14783.3333
1.7558666666666665 7.2725 19.483999999999998 -177.6582 -78.9763 179.9995 14800.0
1.7990666666666668 7.27575 19.498 -177.8058 -80.2498 179.9996 14816.6667
1.8449333333333333 7.2787500000000005 19.511 -177.9537 -81.4508 179.9999 14833.3333
1.8880000000000001 7.28175 19.52225 -177.9999 -82.0822 180.0 14850.0
1.9313333333333333 7.28425 19.53275 -177.9999 -82.5999 180.0 14866.6667
1.9748 7.28725 19.54325 -178.0018 -82.6207 179.9999 14883.3333
2.0208000000000004 7.29025 19.553 -178.1046 -83.7528 179.9988 14900.0
2.0642666666666667 7.29275 19.55825 -178.2018 -86.2116 179.9999 14916.6667
2.108 7.29525 19.563 -178.2509 -86.5051 180.0 14933.3333
2.1542666666666666 7.298 19.568 -178.2999 -86.7587 180.0 14950.0
2.1977333333333333 7.30025 19.572499999999998 -178.2999 -86.9057 180.0 14966.6667
2.2413333333333334 7.30275 19.5765 -178.2999 -87.0509 -180.0 14983.3333
2.2850666666666664 7.305 19.580750000000002 -178.2999 -87.0999 -180.0 15000.0
2.3314666666666666 7.307499999999999 19.585250000000002 -178.2999 -87.0999 -180.0 15016.6667
2.3749333333333333 7.3100000000000005 19.5895 -178.2999 -87.0999 180.0 15033.3333
2.4186666666666667 7.3125 19.5935 -178.2999 -87.0999 180.0 15050.0
2.462266666666667 7.3149999999999995 19.59675 -178.2999 -87.0999 180.0 15066.6667
2.5062666666666664 7.3175 19.6875 -178.2999 -87.0999 180.0 15083.3333
2.5477333333333334 7.32 19.77325 -178.2999 -87.0999 180.0 15100.0
2.5892 7.3225 19.85925 -178.2999 -87.0999 180.0 15116.6667
2.6330666666666667 7.325 19.950499999999998 -178.3009 -87.1009 180.0 15133.3333
2.6745333333333337 7.327249999999999 20.03625 -178.3499 -87.1499 180.0 15150.0
2.716133333333333 7.3295 20.122 -178.4969 -87.3461 179.9999 15166.6667
2.7581333333333333 7.33075 20.207 -179.1216 -87.8304 179.9972 15183.3333
2.8032000000000004 7.33125 20.296249999999997 -179.6499 -88.3998 180.0 15200.0
2.8462666666666667 7.33125 20.379749999999998 179.9115 -88.9883 179.9974 15216.6667
2.889333333333333 7.3302499999999995 20.46225 179.4272 -89.4324 179.9925 15233.3333
2.9357333333333333 7.329000000000001 20.5495 -0.9576 -90.0 0.0 15250.0
2.9796 7.327249999999999 20.631249999999998 -1.0984 -89.7555 0.0013 15266.6667
3.0238666666666667 7.3255 20.71225 -1.197 -89.4621 0.001 15283.3333
3.0679999999999996 7.32375 20.793 -1.2948 -89.2622 0.0007 15300.0
3.1150666666666664 7.32175 20.87875 -1.3489 -89.1524 0.0001 15316.6667
3.1597333333333335 7.31975 20.959 -1.3982 -88.862 0.0002 15333.3333
3.204533333333333 7.31775 21.038999999999998 -1.3999 -88.5678 0.0 15350.0
3.2494666666666667 7.3157499999999995 21.11825 -1.3999 -88.1816 0.0 15366.6667
3.2976 7.3135 21.20175 -1.3999 -87.7189 0.0 15383.3333
3.3434666666666666 7.3115 21.279249999999998 -1.3999 -87.1826 0.0 15400.0
3.3912 7.3100000000000005 21.356250000000003 -1.2589 -84.6159 -0.0028 15416.6667
3.4348 7.30825 21.351499999999998 -1.0678 -83.1826 -0.0018 15433.3333
3.4806666666666666 7.30725 21.33725 -0.6256 -81.5971 -0.0024 15450.0
3.524 7.30675 21.324 -0.3222 -80.4866 -0.0013 15466.6667
3.5664000000000002 7.307499999999999 21.3065 0.339 -77.6493 -0.0077 15483.3333
3.611466666666667 7.30825 21.286 0.588 -76.4127 -0.0004 15500.0
3.654 7.3095 21.2655 0.7849 -75.4747 -0.0005 15516.6667
3.696133333333333 7.3107500000000005 21.2435 0.981 -74.4982 -0.0006 15533.3333
3.7378666666666662 7.31225 21.2205 1.1328 -73.6943 -0.0004 15550.0
3.782266666666666 7.31425 21.195 1.2419 -72.9585 -0.0002 15566.6667
3.8239999999999994 7.316 21.16975 1.3405 -72.0884 -0.0002 15583.3333
3.8653333333333335 7.318250000000001 21.143250000000002 1.4386 -71.0296 -0.0003 15600.0
3.906 7.32075 21.1145 1.6234 -69.7355 -0.0008 15616.6667
3.949333333333333 7.32325 21.084 1.8297 -68.6097 -0.0005 15633.3333
3.989066666666666 7.32625 21.04825 1.9385 -67.662 -0.0002 15650.0
4.044533333333334 7.329000000000001 21.0845 2.0365 -66.9894 -0.0002 15666.6667
4.105733333333333 7.33225 21.131500000000003 2.0501 -66.5419 0.0 15683.3333
4.163866666666667 7.33525 21.17225 2.1385 -65.7502 -0.0002 15700.0
4.221866666666667 7.33825 21.2125 2.1501 -65.1758 0.0 15716.6667
4.279733333333333 7.3412500000000005 21.2515 2.1501 -64.763 0.0 15733.3333
4.3416 7.3445 21.29175 2.1501 -64.1314 0.0 15750.0
4.4008 7.3475 21.3285 2.1501 -63.2737 0.0 15766.6667
4.4592 7.35075 21.363249999999997 2.1501 -62.56 0.0 15783.3333
4.522133333333334 7.354 21.39725 2.1501 -61.1377 0.0 15800.0
4.582133333333333 7.356999999999999 21.427999999999997 2.1501 -60.1737 0.0 15816.6667
4.642266666666666 7.360250000000001 21.4545 2.1501 -58.1531 0.0 15833.3333
4.7032 7.36325 21.475 2.1501 -55.2061 0.0 15850.0
4.763866666666667 7.36625 21.49175 2.1501 -53.2835 0.0 15866.6667
4.8289333333333335 7.36975 21.50325 2.2758 -50.3252 -0.0009 15883.3333
4.891466666666666 7.372999999999999 21.507749999999998 2.4243 -47.1237 -0.0009 15900.0
4.952666666666667 7.377 21.505000000000003 2.6523 -43.5757 -0.0018 15916.6667
5.017733333333334 7.38125 21.4935 2.8257 -39.6002 -0.0009 15933.3333
5.079466666666667 7.3855 21.47525 2.9741 -35.9855 -0.0008 15950.0
5.1392 7.390000000000001 21.450499999999998 3.1212 -32.4561 -0.0009 15966.6667
5.201733333333333 7.39525 21.41425 3.401 -27.7503 -0.002 15983.3333
5.259866666666666 7.40025 21.3725 3.4501 -24.1091 0.0 16000.0
5.316266666666667 7.405 21.3255 3.4501 -21.1287 0.0 16016.6667
5.371600000000001 7.41 21.275750000000002 3.4501 -19.1778 0.0 16033.3333
5.428933333333333 7.415 21.21725 3.4501 -16.2815 0.0 16050.0
5.481733333333333 7.42025 21.1545 3.5709 -12.6856 -0.0008 16066.6667
5.532 7.42525 21.0895 3.6001 -10.4993 0.0 16083.3333
5.584933333333334 7.431 21.01725 3.722 -8.9222 -0.0003 16100.0
5.634933333333334 7.4365000000000006 20.94725 3.7501 -8.1278 0.0 16116.6667
5.6837333333333335 7.44175 20.875750000000004 3.7501 -6.7454 0.0 16133.3333
5.730133333333333 7.44725 20.80275 3.7501 -5.8268 0.0 16150.0
5.783733333333333 7.45275 20.7245 3.7105 -4.7003 0.0001 16166.6667
5.794666666666667 7.458 20.64275 3.7001 -3.666 0.0 16183.3333
5.794266666666667 7.46325 20.561500000000002 3.6619 -2.6474 0.0001 16200.0
5.7965333333333335 7.46875 20.47525 3.6105 -1.9649 0.0 16216.6667
5.797466666666667 7.474 20.3925 3.5609 -1.5366 0.0 16233.3333
5.798533333333334 7.47875 20.311 3.5119 -1.2209 0.0 16250.0
5.7992 7.484 20.228749999999998 3.4628 -0.964 0.0 16266.6667
5.799733333333334 7.48875 20.147750000000002 3.4138 -0.7552 0.0 16283.3333
5.800133333333333 7.49375 20.0615 3.3626 -0.5503 0.0 16300.0
5.800533333333334 7.4985 19.978 3.3128 -0.4258 0.0 16316.6667
5.8008 7.5032499999999995 19.89725 3.3001 -0.3278 0.0 16333.3333
5.8008 7.508 19.811 3.2251 -0.0378 0.0001 16350.0
5.800666666666666 7.51275 19.72775 3.1256 0.2732 0.0 16366.6667
5.800133333333333 7.517 19.646 3.0638 0.5673 0.0 16383.3333
5.7994666666666665 7.52125 19.56475 2.9089 1.0732 0.0002 16400.0
5.797733333333333 7.52525 19.479 2.7407 1.6143 0.0001 16416.6667
5.797466666666667 7.529 19.395500000000002 2.5187 2.0399 0.0002 16433.3333
5.790666666666667 7.53225 19.315 2.3795 2.3262 0.0 16450.0
5.8232 7.53575 19.226 2.2407 2.6549 0.0001 16466.6667
5.867866666666667 7.53875 19.13825 2.1276 2.8948 0.0 16483.3333
5.9084 7.5415 19.05225 2.0648 3.0203 0.0 16500.0
5.949599999999999 7.544499999999999 18.96675 2.0501 3.084 0.0 16516.6667
5.992933333333333 7.54775 18.875999999999998 2.0501 3.0997 0.0 16533.3333
6.035066666666666 7.55075 18.788 2.0501 3.1703 0.0 16550.0
6.0756000000000006 7.5535 18.702749999999998 1.9815 3.3026 0.0 16566.6667
6.1188 7.5565 18.61125 1.9147 3.3851 0.0 16583.3333
6.160666666666667 7.55925 18.52325 1.9001 3.3997 0.0 16600.0
6.201733333333332 7.562 18.43675 1.9001 3.3997 0.0 16616.6667
6.242399999999999 7.5645 18.3505 1.9001 3.3997 0.0 16633.3333
6.285466666666667 7.5675 18.25975 1.9001 3.3997 0.0 16650.0
6.327466666666667 7.570250000000001 18.17125 1.9001 3.3997 0.0 16666.6667
6.3684 7.57275 18.08475 1.9001 3.3997 0.0 16683.3333
6.409066666666667 7.5755 17.998749999999998 1.8677 3.4321 0.0 16700.0
6.452266666666666 7.57825 17.908 1.8168 3.4497 0.0 16716.6667
6.492933333333333 7.581 17.819 1.7334 3.4497 0.0 16733.3333
6.538666666666667 7.58325 17.73325 1.6677 3.4497 0.0 16750.0
6.550133333333333 7.585500000000001 17.64575 1.5834 3.483 0.0 16766.6667
6.544133333333334 7.58775 17.5625 1.4168 3.6664 0.0001 16783.3333
6.542133333333334 7.5895 17.481 1.2854 3.8468 0.0 16800.0
6.5389333333333335 7.5912500000000005 17.39975 1.156 4.0252 0.0001 16816.6667
6.5356 7.5925 17.314 1.0032 4.2289 0.0001 16833.3333
6.532 7.59375 17.2305 0.756 4.5585 0.0002 16850.0
6.528266666666666 7.5945 17.149250000000002 0.556 4.8566 0.0001 16866.6667
6.524533333333333 7.595 17.06825 0.4089 5.0409 0.0 16883.3333
6.5203999999999995 7.5955 16.983 0.2876 5.2247 0.0 16900.0
6.516133333333333 7.596 16.899 0.2187 5.3624 0.0 16916.6667
6.512 7.596 16.8185 0.1089 5.4909 0.0 16933.3333
6.507466666666666 7.596 16.733 0.0189 5.581 0.0 16950.0
6.503066666666666 7.595750000000001 16.6495 -0.0626 5.6311 0.0 16966.6667
6.4988 7.5955 16.568 -0.1607 5.6497 0.0 16983.3333
6.494533333333332 7.59525 16.487000000000002 -0.2881 5.6497 0.0 17000.0
6.4901333333333335 7.5947499999999994 16.402 -0.4103 5.6497 0.0 17016.6667
6.485733333333333 7.593999999999999 16.317999999999998 -0.4499 5.6497 0.0 17033.3333
6.481466666666666 7.59325 16.23775 -0.4499 5.6497 0.0 17050.0
6.476933333333333 7.59275 16.15225 -0.4499 5.6497 0.0 17066.6667
6.472533333333333 7.5920000000000005 16.0685 -0.4499 5.6497 0.0 17083.3333
6.468266666666667 7.5915 15.98725 -0.4499 5.6497 0.0 17100.0
6.463866666666667 7.59075 15.90625 -0.4499 5.6497 0.0 17116.6667
6.459466666666667 7.59 15.821000000000002 -0.4499 5.6497 0.0 17133.3333
6.454933333333333 7.5895 15.737000000000002 -0.4499 5.6497 0.0 17150.0
6.450666666666667 7.58875 15.656 -0.4499 5.6497 0.0 17166.6667
6.4464 7.588 15.57475 -0.4499 5.6497 0.0 17183.3333
6.441866666666667 7.5875 15.48975 -0.4499 5.6497 0.0 17200.0
6.4374666666666664 7.58675 15.405750000000001 -0.4499 5.6497 0.0 17216.6667
6.4332 7.586 15.32475 -0.4499 5.6497 0.0 17233.3333
6.428933333333333 7.585500000000001 15.24375 -0.4499 5.6497 0.0 17250.0
6.424533333333333 7.58475 15.159 -0.4499 5.6497 0.0 17266.6667
6.420133333333334 7.58425 15.0745 -0.4499 5.6497 0.0 17283.3333
6.415866666666666 7.58375 14.994499999999999 -0.4499 5.6497 0.0 17300.0
6.411333333333333 7.58275 14.90925 -0.4499 5.6497 0.0 17316.6667
6.406933333333334 7.58225 14.825 -0.4499 5.6497 0.0 17333.3333
6.402666666666668 7.5815 14.7445 -0.4499 5.6497 0.0 17350.0
6.398133333333333 7.581 14.659500000000001 -0.4499 5.6226 0.0 17366.6667
6.3937333333333335 7.58025 14.57525 -0.4224 5.5722 0.0 17383.3333
6.3896 7.57975 14.49425 -0.3734 5.5497 0.0 17400.0
6.3853333333333335 7.57925 14.41325 -0.3499 5.5497 0.0 17416.6667
6.380933333333333 7.578749999999999 14.3285 -0.3239 5.5497 0.0 17433.3333
6.376666666666667 7.57825 14.244250000000001 -0.2999 5.5497 0.0 17450.0
6.3724 7.578 14.162999999999998 -0.2999 5.5497 0.0 17466.6667
6.368133333333334 7.5775 14.081999999999999 -0.2999 5.5497 0.0 17483.3333
6.364 7.577 13.9975 -0.2999 5.5497 0.0 17500.0
6.3592 7.5765 13.91275 -0.2999 5.5497 0.0 17516.6667
6.356133333333333 7.57625 13.832249999999998 -0.2999 5.5497 0.0 17533.3333
6.347733333333333 7.57575 13.7485 -0.2999 5.5497 0.0 17550.0
6.3656 7.5752500000000005 13.66 -0.2999 5.5497 0.0 17566.6667
6.409466666666666 7.574999999999999 13.57 -0.2999 5.5497 0.0 17583.3333
6.4472 7.5745 13.481000000000002 -0.2999 5.5497 0.0 17600.0
6.488133333333333 7.574 13.3885 -0.2999 5.5497 0.0 17616.6667
6.529066666666666 7.5735 13.2955 -0.2999 5.5497 0.0 17633.3333
6.5676 7.57325 13.207500000000001 -0.2999 5.5497 0.0 17650.0
6.608666666666666 7.57275 13.1145 -0.2999 5.5497 0.0 17666.6667
6.648266666666667 7.57225 13.02175 -0.2999 5.5497 0.0 17683.3333
6.691466666666667 7.57175 12.93225 -0.2999 5.5497 0.0 17700.0
6.7110666666666665 7.5715 12.84675 -0.2999 5.5497 0.0 17716.6667
6.702266666666667 7.571 12.76325 -0.2999 5.5497 0.0 17733.3333
6.698933333333333 7.5705 12.67825 -0.2999 5.5497 0.0 17750.0
6.6944 7.569999999999999 12.597249999999999 -0.2999 5.5497 0.0 17766.6667
6.6904 7.56975 12.516 -0.2999 5.5497 0.0 17783.3333
6.686 7.56925 12.43225 -0.2999 5.5497 0.0 17800.0
6.681466666666666 7.56875 12.347 -0.2999 5.5497 0.0 17816.6667
6.6774666666666675 7.56825 12.26675 -0.2999 5.5497 0.0 17833.3333
6.673066666666667 7.568 12.18225 -0.2999 5.5497 0.0 17850.0
6.6685333333333325 7.5675 12.0975 -0.2999 5.5497 0.0 17866.6667
6.6644 7.567 12.0165 -0.2999 5.5497 0.0 17883.3333
6.660266666666667 7.5665000000000004 11.93525 -0.2999 5.5497 0.0 17900.0
6.655866666666666 7.56625 11.851 -0.2999 5.5497 0.0 17916.6667
6.651466666666666 7.56575 11.76625 -0.2999 5.5713 0.0 17933.3333
6.647066666666667 7.565250000000001 11.68525 -0.2999 5.6203 0.0 17950.0
6.6428 7.56475 11.604000000000001 -0.2999 5.6693 0.0 17966.6667
6.638400000000001 7.5645 11.52025 -0.2999 5.7195 0.0 17983.3333
6.633733333333334 7.564 11.434750000000001 -0.2999 5.7497 0.0 18000.0
6.6294666666666675 7.5634999999999994 11.354500000000002 -0.2999 5.7693 0.0 18016.6667
6.624933333333333 7.563 11.270500000000002 -0.2999 5.7997 0.0 18033.3333
6.620266666666667 7.56275 11.1855 -0.2999 5.8203 0.0 18050.0
6.615866666666666 7.56225 11.1045 -0.2999 5.8693 0.0 18066.6667
6.6113333333333335 7.56175 11.023 -0.2999 5.9183 0.0 18083.3333
6.6066666666666665 7.56125 10.939499999999999 -0.2999 5.9497 0.0 18100.0
6.602 7.561 10.85425 -0.2999 5.9497 0.0 18116.6667
6.597466666666667 7.5605 10.77375 -0.2999 5.9497 0.0 18133.3333
6.5928 7.5600000000000005 10.69 -0.2999 5.9497 0.0 18150.0
6.588133333333333 7.5595 10.604750000000001 -0.2999 5.9497 0.0 18166.6667
6.583600000000001 7.55925 10.52375 -0.2999 5.9497 0.0 18183.3333
6.579066666666666 7.55875 10.442499999999999 -0.2999 5.9497 0.0 18200.0
6.574533333333333 7.55825 10.359 -0.2999 5.9497 0.0 18216.6667
6.569733333333333 7.55775 10.2735 -0.2999 5.9497 0.0 18233.3333
6.565200000000001 7.5575 10.19325 -0.2999 5.9497 0.0 18250.0
6.560533333333334 7.557 10.1095 -0.2999 5.9497 0.0 18266.6667
6.555866666666667 7.5565 10.024249999999999 -0.2999 5.9497 0.0 18283.3333
6.551066666666667 7.556 9.94325 -0.2999 5.9497 0.0 18300.0
6.547466666666667 7.55575 9.86175 -0.2999 5.9497 0.0 18316.6667
6.539866666666667 7.55525 9.779 -0.2999 5.9497 0.0 18333.3333
6.5492 7.554749999999999 9.69075 -0.2999 5.9497 0.0 18350.0
6.593066666666667 7.55425 9.6005 -0.2999 5.9497 0.0 18366.6667
6.630533333333333 7.554 9.51075 -0.2999 5.9497 0.0 18383.3333
6.6706666666666665 7.5535 9.419 -0.2999 5.9497 0.0 18400.0
6.7114666666666665 7.553 9.3245 -0.2999 5.9497 0.0 18416.6667
6.750133333333334 7.5525 9.23525 -0.2999 5.9497 0.0 18433.3333
6.789066666666667 7.55225 9.14525 -0.2999 5.9497 0.0 18450.0
6.828666666666667 7.552 9.0535 -0.2999 5.9643 0.0 18466.6667
6.8696 7.5512500000000005 8.95875 -0.2999 5.9997 0.0 18483.3333
6.908133333333334 7.55075 8.870000000000001 -0.2999 5.9997 0.0 18500.0
6.9472 7.5505 8.778 -0.2999 6.0143 0.0 18516.6667
6.990933333333334 7.550000000000001 8.683 -0.2999 6.0497 0.0 18533.3333
7.017599999999999 7.5495 8.595500000000001 -0.2999 6.0497 0.0 18550.0
7.008666666666667 7.5489999999999995 8.51525 -0.2999 6.0497 0.0 18566.6667
7.005066666666666 7.54875 8.431999999999999 -0.2999 6.0497 0.0 18583.3333
7.0 7.5485 8.34625 -0.2999 6.0497 0.0 18600.0
6.995466666666667 7.54775 8.265749999999999 -0.2999 6.0497 0.0 18616.6667
6.990799999999999 7.54725 8.18275 -0.2999 6.0497 0.0 18633.3333
6.9858666666666664 7.547 8.097 -0.2999 6.0497 0.0 18650.0
6.981466666666666 7.54675 8.0165 -0.2999 6.0497 0.0 18666.6667
6.976666666666667 7.546 7.933249999999999 -0.2999 6.0497 0.0 18683.3333
6.971733333333333 7.5455000000000005 7.847499999999999 -0.2999 6.0497 0.0 18700.0
6.9672 7.54525 7.76675 -0.2999 6.0497 0.0 18716.6667
6.962666666666667 7.545 7.68525 -0.2999 6.0497 0.0 18733.3333
6.958 7.54425 7.60275 -0.2999 6.0497 0.0 18750.0
6.9530666666666665 7.54375 7.516500000000001 -0.2999 6.0497 0.0 18766.6667
6.948533333333334 7.5435 7.43575 -0.2999 6.0497 0.0 18783.3333
6.944 7.54325 7.354500000000001 -0.2999 6.0497 0.0 18800.0
6.939333333333334 7.54275 7.27175 -0.2999 6.0497 0.0 18816.6667
6.9344 7.542 7.18575 -0.2999 6.0624 0.0 18833.3333
6.929866666666666 7.54175 7.105 -0.2881 6.0997 0.0 18850.0
6.925066666666666 7.5415 7.022 -0.2384 6.1112 0.0 18866.6667
6.920133333333334 7.541 6.93625 -0.1999 6.1497 0.0 18883.3333
6.915466666666666 7.54075 6.855250000000001 -0.1881 6.1615 0.0 18900.0
6.910666666666666 7.54075 6.774 -0.1391 6.2105 0.0 18916.6667
6.906000000000001 7.5405 6.69125 -0.0999 6.2497 0.0 18933.3333
6.900933333333334 7.54025 6.605499999999999 -0.0999 6.2615 0.0 18950.0
6.896133333333333 7.54025 6.5245 -0.0891 6.2997 0.0 18966.6667
6.891333333333333 7.54025 6.443250000000001 -0.0499 6.2997 0.0 18983.3333
6.8865333333333325 7.54 6.3607499999999995 -0.0499 6.2997 0.0 19000.0
6.8814666666666655 7.54 6.2745 -0.0499 6.2997 0.0 19016.6667
6.876666666666667 7.54 6.193999999999999 -0.0499 6.2997 0.0 19033.3333
6.871866666666667 7.53975 6.1114999999999995 -0.0499 6.2997 0.0 19050.0
6.866800000000001 7.53975 6.0255 -0.0499 6.2997 0.0 19066.6667
6.862000000000001 7.53975 5.94475 -0.0499 6.2997 0.0 19083.3333
6.8570666666666655 7.53975 5.8622499999999995 -0.0499 6.2997 0.0 19100.0
6.852133333333334 7.539499999999999 5.776250000000001 -0.0499 6.2997 0.0 19116.6667
6.847333333333333 7.539499999999999 5.69525 -0.0499 6.2997 0.0 19133.3333
6.842533333333333 7.539499999999999 5.614 -0.0499 6.2997 0.0 19150.0
6.8377333333333326 7.53925 5.5315 -0.0499 6.308 0.0 19166.6667
6.832533333333334 7.53925 5.4455 -0.0499 6.3595 0.0 19183.3333
6.827733333333334 7.53925 5.364750000000001 -0.0499 6.4085 0.0 19200.0
6.8228 7.539 5.2822499999999994 -0.0499 6.458 0.0 19216.6667
6.817466666666667 7.539 5.19625 -0.0499 6.5095 0.0 19233.3333
6.8125333333333336 7.539 5.115499999999999 -0.0587 6.5585 0.0 19250.0
6.8074666666666666 7.53875 5.03375 -0.0999 6.5997 0.0 19266.6667
6.802533333333333 7.53875 4.952500000000001 -0.0999 6.5997 0.0 19283.3333
6.797466666666667 7.5385 4.8705 -0.0999 6.5997 0.0 19300.0
6.792133333333334 7.5385 4.78425 -0.0999 6.5997 0.0 19316.6667
6.787199999999999 7.53825 4.70325 -0.0999 6.5997 0.0 19333.3333
6.782133333333333 7.538 4.6217500000000005 -0.0999 6.5997 0.0 19350.0
6.777066666666667 7.538 4.54 -0.0999 6.5997 0.0 19366.6667
6.771733333333334 7.53775 4.45375 -0.0999 6.5997 0.0 19383.3333
6.7668 7.53775 4.373 -0.0999 6.5997 0.0 19400.0
6.7616000000000005 7.5375 4.29075 -0.0999 6.5997 0.0 19416.6667
6.756399999999999 7.53725 4.2044999999999995 -0.0999 6.5997 0.0 19433.3333
6.751466666666667 7.53725 4.12375 -0.0999 6.5997 0.0 19450.0
6.746266666666667 7.537 4.04175 -0.0999 6.5997 0.0 19466.6667
6.741066666666667 7.537 3.9555000000000002 -0.0999 6.5997 0.0 19483.3333
6.736000000000001 7.53675 3.8745000000000003 -0.0999 6.5997 0.0 19500.0
6.730933333333333 7.53675 3.793 -0.0999 6.5997 0.0 19516.6667
6.7258666666666675 7.5365 3.7112499999999997 -0.0999 6.5997 0.0 19533.3333
6.720533333333333 7.53625 3.625 -0.0999 6.5997 0.0 19550.0
6.715466666666667 7.53625 3.544 -0.0999 6.5997 0.0 19566.6667
6.710533333333334 7.5360000000000005 3.46225 -0.0999 6.5997 0.0 19583.3333
6.7056000000000004 7.5360000000000005 3.38075 -0.0999 6.5997 0.0 19600.0
6.7001333333333335 7.53575 3.2942500000000003 -0.0999 6.5997 0.0 19616.6667
6.6952 7.5355 3.2135000000000002 -0.0999 6.5997 0.0 19633.3333
6.690133333333334 7.5355 3.13175 -0.0999 6.5997 0.0 19650.0
6.684799999999999 7.5352500000000004 3.045 -0.0999 6.5997 0.0 19666.6667
6.679733333333333 7.5352500000000004 2.964 -0.0999 6.5997 0.0 19683.3333
6.6748 7.535 2.88275 -0.0999 6.5968 0.0 19700.0
6.669733333333333 7.535 2.8007500000000003 -0.0999 6.5497 0.0 19716.6667
6.664533333333334 7.53475 2.7145 -0.0999 6.5497 0.0 19733.3333
6.659466666666667 7.5344999999999995 2.6334999999999997 -0.0999 6.5497 0.0 19750.0
6.6544 7.5344999999999995 2.5519999999999996 -0.0999 6.5497 0.0 19766.6667
6.6492 7.53425 2.4655 -0.0999 6.5497 0.0 19783.3333
6.644266666666667 7.53425 2.3845 -0.0999 6.5526 0.0 19800.0
6.6392 7.534 2.30275 -0.0999 6.6056 0.0 19816.6667
6.6339999999999995 7.5337499999999995 2.22125 -0.0999 6.7518 0.0 19833.3333
6.628533333333333 7.5337499999999995 2.135 -0.0999 6.8556 0.0 19850.0
6.623200000000001 7.5335 2.05375 -0.0999 6.9517 0.0 19866.6667
6.617866666666667 7.5335 1.9725000000000001 -0.0999 7.0017 0.0 19883.3333
6.612533333333333 7.53325 1.891 -0.0999 7.0997 0.0 19900.0
6.6066666666666665 7.53325 1.8045 -0.1019 7.2575 0.0 19916.6667
6.600933333333334 7.5329999999999995 1.72375 -0.1499 7.4517 0.0 19933.3333
6.5952 7.53275 1.6422500000000002 -0.1499 7.5497 0.0 19950.0
6.589066666666667 7.5325 1.5562500000000001 -0.2019 7.7016 0.0 19966.6667
6.583066666666666 7.532 1.47525 -0.2519 7.7546 0.0 19983.3333
6.577066666666666 7.5315 1.39375 -0.3499 7.9997 0.0 20000.0
6.570666666666667 7.531000000000001 1.3075 -0.4019 8.1035 0.0 20016.6667
6.5641333333333325 7.5302500000000006 1.22675 -0.4509 8.2016 0.0 20033.3333
6.558 7.5295 1.14575 -0.4999 8.2996 0.0 20050.0
6.594666666666667 7.52875 1.0527499999999999 -0.4999 8.3486 0.0 20066.6667
6.6339999999999995 7.528 0.954 -0.4999 8.4006 0.0 20083.3333
6.6708 7.52725 0.861 -0.4999 8.4496 0.0 20100.0
6.7076 7.5265 0.7677499999999999 -0.5489 8.4986 0.0 20116.6667
6.744 7.52575 0.67475 -0.5499 8.5957 0.0 20133.3333
6.783066666666667 7.525 0.5755 -0.5499 8.5996 0.0 20150.0
6.776666666666667 7.524249999999999 0.4945 -0.5499 8.5996 0.0 20166.6667
6.77 7.52325 0.41375 -0.5499 8.5996 0.0 20183.3333
6.763066666666666 7.5225 0.3275 -0.5499 8.5996 0.0 20200.0
6.7565333333333335 7.52175 0.2465 -0.5499 8.5996 0.0 20216.6667
6.75 7.521 0.16549999999999998 -0.5499 8.5996 0.0 20233.3333
6.7434666666666665 7.52025 0.08449999999999999 -0.5499 8.5996 0.0 20250.0
6.736533333333334 7.5192499999999995 -0.00125 -0.5499 8.6486 0.0 20266.6667
6.729866666666667 7.5184999999999995 -0.0825 -0.646 8.8418 0.0 20283.3333
6.722933333333334 7.5175 -0.1635 -0.697 9.0378 0.0 20300.0
6.715866666666667 7.51625 -0.24400000000000002 -0.6999 9.2339 0.0 20316.6667
6.708400000000001 7.51525 -0.32975 -0.7478 9.3454 0.0 20333.3333
6.7012 7.51425 -0.411 -0.7499 9.4437 0.0 20350.0
6.694 7.513 -0.4915 -0.796 9.5418 0.0 20366.6667
6.686266666666667 7.51175 -0.57725 -0.7999 9.5975 0.0 20383.3333
6.678933333333333 7.51075 -0.65825 -0.7999 9.5996 0.0 20400.0
6.671733333333333 7.5095 -0.73875 -0.7999 9.5996 0.0 20416.6667
6.663866666666667 7.50825 -0.8247500000000001 -0.7999 9.5996 0.0 20433.3333
6.656666666666667 7.50725 -0.9055000000000001 -0.7999 9.5996 0.0 20450.0
6.649333333333335 7.506 -0.9862500000000001 -0.7999 9.5996 0.0 20466.6667
6.642133333333333 7.5047500000000005 -1.067 -0.7999 9.5996 0.0 20483.3333
6.634266666666666 7.50375 -1.1525 -0.7999 9.5996 0.0 20500.0
6.627066666666668 7.5024999999999995 -1.2335 -0.7999 9.5996 0.0 20516.6667
6.619733333333333 7.50125 -1.3145000000000002 -0.7999 9.5996 0.0 20533.3333
6.612533333333333 7.500500000000001 -1.39475 -0.7999 9.5996 0.0 20550.0
6.604800000000001 7.499 -1.4805 -0.7999 9.5996 0.0 20566.6667
6.597466666666667 7.49775 -1.56175 -0.7999 9.5996 0.0 20583.3333
6.5902666666666665 7.497 -1.6422500000000002 -0.7999 9.5996 0.0 20600.0
6.582533333333334 7.4955 -1.7277500000000001 -0.7999 9.5996 0.0 20616.6667
6.575066666666666 7.494249999999999 -1.8090000000000002 -0.7999 9.5996 0.0 20633.3333
6.567733333333334 7.49325 -1.88975 -0.7999 9.5996 0.0 20650.0
6.560666666666666 7.49225 -1.97025 -0.7999 9.5996 0.0 20666.6667
6.552933333333333 7.49075 -2.05575 -0.7999 9.5996 0.0 20683.3333
6.545466666666667 7.489750000000001 -2.13725 -0.7999 9.5996 0.0 20700.0
6.538266666666667 7.48875 -2.2175000000000002 -0.7999 9.5996 0.0 20716.6667
6.530666666666668 7.4872499999999995 -2.303 -0.7999 9.5996 0.0 20733.3333
6.5233333333333325 7.48625 -2.3845 -0.7999 9.5996 0.0 20750.0
6.516 7.485250000000001 -2.46525 -0.7999 9.5996 0.0 20766.6667
6.508666666666666 7.484 -2.54575 -0.7999 9.5996 0.0 20783.3333
6.501066666666666 7.483 -2.6310000000000002 -0.7999 9.5996 0.0 20800.0
6.493733333333333 7.48175 -2.7125 -0.7999 9.5996 0.0 20816.6667
6.486133333333334 7.4805 -2.79325 -0.7999 9.5996 0.0 20833.3333
6.479866666666667 7.4795 -2.87375 -0.7999 9.5996 0.0 20850.0
6.4690666666666665 7.47825 -2.9585 -0.7999 9.5996 0.0 20866.6667
6.5 7.477 -3.0522500000000004 -0.7999 9.5996 0.0 20883.3333
6.537466666666666 7.476 -3.147 -0.7999 9.5996 0.0 20900.0
6.5724 7.47475 -3.2407500000000002 -0.7999 9.68 0.0 20916.6667
6.610133333333334 7.4735 -3.341 -0.7999 9.8663 0.0 20933.3333
6.645866666666667 7.4725 -3.43725 -0.7999 10.1467 0.0 20950.0
6.680933333333333 7.4712499999999995 -3.5325 -0.7999 10.3604 0.0 20966.6667
6.715600000000001 7.470000000000001 -3.6275000000000004 -0.7999 10.478 0.0 20983.3333
6.752933333333335 7.468999999999999 -3.7285000000000004 -0.7999 10.5809 0.0 21000.0
6.787066666666667 7.46775 -3.825 -0.7999 10.6398 0.0 21016.6667
6.826 7.4665 -3.92125 -0.7999 10.6496 0.0 21033.3333
6.824933333333333 7.4655000000000005 -4.00925 -0.7999 10.6902 0.0 21050.0
6.815066666666667 7.46425 -4.09 -0.7999 10.7398 0.0 21066.6667
6.8074666666666666 7.463 -4.17 -0.7999 10.7888 0.0 21083.3333
6.798533333333333 7.462 -4.25525 -0.7593 10.8402 0.0 21100.0
6.790266666666667 7.46075 -4.3365 -0.7499 10.8496 0.0 21116.6667
6.782133333333333 7.45975 -4.4167499999999995 -0.7499 10.8888 0.0 21133.3333
6.7737333333333325 7.45875 -4.497 -0.7499 10.9761 0.0 21150.0
6.7649333333333335 7.4575 -4.5817499999999995 -0.7499 11.0788 0.0 21166.6667
6.756399999999999 7.4565 -4.66325 -0.7499 11.178 0.0 21183.3333
6.747866666666667 7.455500000000001 -4.7435 -0.6734 11.3525 0.0 21200.0
6.739066666666666 7.4545 -4.82325 -0.6499 11.5114 0.0 21216.6667
6.729866666666667 7.453749999999999 -4.90775 -0.6499 11.6652 0.0 21233.3333
6.7204 7.45275 -4.98925 -0.6499 11.8143 0.0 21250.0
6.712666666666667 7.4517500000000005 -5.069 -0.6126 11.9614 0.0 21266.6667
6.699066666666667 7.4510000000000005 -5.152 -0.5999 12.1923 0.0 21283.3333
6.724 7.4502500000000005 -5.2475000000000005 -0.5234 12.479 0.0 21300.0
6.759333333333334 7.4495000000000005 -5.3465 -0.4999 12.7731 0.0 21316.6667
6.791066666666666 7.449 -5.4437500000000005 -0.4274 13.031 0.0 21333.3333
6.8256000000000006 7.44825 -5.547750000000001 -0.3999 13.2496 0.0 21350.0
6.858533333333333 7.4475 -5.64825 -0.3626 13.4486 0.0 21366.6667
6.890133333333333 7.44725 -5.746 -0.3499 13.6084 0.0 21383.3333
6.9244 7.4465 -5.850499999999999 -0.3499 13.6496 0.0 21400.0
6.955866666666665 7.44625 -5.95075 -0.3499 13.6869 0.0 21416.6667
6.992266666666666 7.44575 -6.0515 -0.3499 13.6996 0.0 21433.3333
6.992533333333333 7.44525 -6.13525 -0.3499 13.7349 0.0 21450.0
6.979066666666667 7.44475 -6.21775 -0.3499 13.7861 0.0 21466.6667
6.968933333333334 7.44425 -6.2995 -0.3499 13.8721 0.0 21483.3333
6.958266666666666 7.44375 -6.37775 -0.3499 13.9349 0.0 21500.0
6.9472 7.44325 -6.46175 -0.3134 14.0954 0.0 21516.6667
6.936266666666666 7.4425 -6.5425 -0.2999 14.1859 0.0 21533.3333
6.9256 7.44225 -6.6215 -0.2999 14.3055 0.0 21550.0
6.914533333333333 7.442 -6.70125 -0.2999 14.4869 0.0 21566.6667
6.903600000000001 7.4415 -6.77975 -0.2999 14.6496 0.0 21583.3333
6.891733333333334 7.441 -6.863 -0.2999 14.9746 0.0 21600.0
6.879866666666667 7.4405 -6.94375 -0.2999 15.2712 0.0 21616.6667
6.868533333333334 7.440250000000001 -7.02175 -0.2999 15.4829 0.0 21633.3333
6.856000000000001 7.43975 -7.104749999999999 -0.2999 15.6183 0.0 21650.0
6.843866666666667 7.43925 -7.1850000000000005 -0.2999 15.7869 0.0 21666.6667
6.832 7.43875 -7.26375 -0.2999 15.9163 0.0 21683.3333
6.82 7.4384999999999994 -7.342 -0.2999 15.982 0.0 21700.0
6.8074666666666666 7.438 -7.4245 -0.2999 15.9996 0.0 21716.6667
6.795066666666667 7.4375 -7.50525 -0.2999 15.9996 0.0 21733.3333
6.7832 7.436999999999999 -7.583 -0.2999 15.9996 0.0 21750.0
6.7703999999999995 7.43675 -7.66575 -0.2999 15.9996 0.0 21766.6667
6.758133333333333 7.43625 -7.74625 -0.2999 15.9996 0.0 21783.3333
6.746133333333334 7.4357500000000005 -7.824999999999999 -0.2999 15.9996 0.0 21800.0
6.734400000000001 7.43525 -7.9030000000000005 -0.2999 15.9996 0.0 21816.6667
6.721333333333333 7.4350000000000005 -7.9855 -0.2999 15.9996 0.0 21833.3333
6.710266666666667 7.4345 -8.067 -0.2999 15.9996 0.0 21850.0
6.693333333333334 7.434 -8.142 -0.2999 15.9996 0.0 21866.6667
6.710000000000001 7.4334999999999996 -8.240499999999999 -0.2999 15.9996 0.0 21883.3333
6.743733333333333 7.433249999999999 -8.346 -0.3323 16.032 0.0 21900.0
6.772666666666666 7.4325 -8.4465 -0.3813 16.0496 0.0 21916.6667
6.802933333333333 7.432 -8.54825 -0.3999 16.0496 0.0 21933.3333
6.832800000000001 7.43125 -8.649000000000001 -0.4293 16.0496 0.0 21950.0
6.862933333333334 7.43075 -8.75425 -0.4499 16.0496 0.0 21966.6667
6.898266666666666 7.43 -8.861 -0.4499 15.9888 0.0 21983.3333
6.902266666666666 7.42925 -8.94725 -0.4793 15.7143 0.0 22000.0
6.887333333333334 7.4285 -9.02825 -0.4999 14.5829 0.0 22016.6667
6.8777333333333335 7.42775 -9.11075 -0.5303 13.4329 -0.0001 22033.3333
6.868133333333333 7.427 -9.1895 -0.5793 12.4525 -0.0001 22050.0
6.859066666666667 7.426 -9.27375 -0.5999 11.5767 0.0 22066.6667
6.850533333333335 7.42525 -9.356250000000001 -0.6303 10.9957 -0.0001 22083.3333
6.842533333333333 7.424250000000001 -9.4365 -0.6793 10.5937 0.0 22100.0
6.8348 7.4232499999999995 -9.5165 -0.6999 10.3643 0.0 22116.6667
6.826666666666667 7.42225 -9.6005 -0.6999 10.2704 0.0 22133.3333
6.818666666666667 7.421250000000001 -9.68375 -0.6999 10.2496 0.0 22150.0
6.810933333333333 7.42025 -9.763 -0.6999 10.2496 0.0 22166.6667
6.8027999999999995 7.41925 -9.847249999999999 -0.6999 10.1913 0.0 22183.3333
6.794933333333333 7.41825 -9.9305 -0.6999 10.1202 0.0 22200.0
6.787333333333334 7.41725 -10.01075 -0.6999 9.9859 0.0 22216.6667
6.78 7.41625 -10.091000000000001 -0.645 9.7898 0.0 22233.3333
6.772533333333334 7.41525 -10.17525 -0.5718 9.5308 0.0 22250.0
6.7652 7.4145 -10.2585 -0.5499 9.3143 0.0 22266.6667
6.7582666666666675 7.41375 -10.339 -0.5499 9.1398 0.0 22283.3333
6.751466666666667 7.41275 -10.4195 -0.5499 8.9172 0.0 22300.0
6.7448 7.41225 -10.503499999999999 -0.4957 8.5829 0.0001 22316.6667
6.7383999999999995 7.4115 -10.58775 -0.4499 8.2074 0.0 22333.3333
6.7324 7.41075 -10.6675 -0.4499 7.8643 0.0 22350.0
6.726533333333333 7.41025 -10.751999999999999 -0.3957 7.5642 0.0001 22366.6667
6.7208000000000006 7.409750000000001 -10.835999999999999 -0.3499 7.3123 0.0 22383.3333
6.715333333333334 7.40925 -10.916999999999998 -0.3499 7.0937 0.0 22400.0
6.710133333333333 7.4087499999999995 -10.99775 -0.3244 6.9486 0.0 22416.6667
6.7048000000000005 7.4085 -11.08225 -0.2999 6.8215 0.0 22433.3333
6.699466666666667 7.4079999999999995 -11.1665 -0.2734 6.6437 0.0 22450.0
6.694533333333334 7.4075 -11.2465 -0.2499 6.4476 0.0 22466.6667
6.6895999999999995 7.4075 -11.331500000000002 -0.2239 6.2975 0.0 22483.3333
6.684799999999999 7.407 -11.41575 -0.147 6.1702 0.0 22500.0
6.680266666666667 7.407 -11.49675 -0.0744 6.0486 0.0 22516.6667
6.6757333333333335 7.407 -11.57775 -0.0009 5.9261 0.0 22533.3333
6.671066666666667 7.4072499999999994 -11.66225 0.0751 5.8246 0.0 22550.0
6.666533333333333 7.4072499999999994 -11.746749999999999 0.1256 5.7486 0.0 22566.6667
6.662266666666667 7.4075 -11.82725 0.1991 5.6751 0.0 22583.3333
6.657866666666667 7.4079999999999995 -11.912 0.2501 5.6496 0.0 22600.0
6.653466666666667 7.40825 -11.996500000000001 0.2756 5.6496 0.0 22616.6667
6.6492 7.4087499999999995 -12.0775 0.3001 5.6496 0.0 22633.3333
6.644933333333333 7.40925 -12.1585 0.3001 5.6496 0.0 22650.0
6.6404000000000005 7.4095 -12.242750000000001 0.3001 5.6496 0.0 22666.6667
6.635999999999999 7.41 -12.3275 0.3001 5.6496 0.0 22683.3333
6.631600000000001 7.4105 -12.40875 0.3001 5.6496 0.0 22700.0
6.627333333333333 7.411 -12.489749999999999 0.3001 5.6496 0.0 22716.6667
6.622933333333333 7.41125 -12.573749999999999 0.3001 5.6496 0.0 22733.3333
6.6184 7.41175 -12.658750000000001 0.3001 5.6496 0.0 22750.0
6.614133333333334 7.41225 -12.73925 0.3001 5.6496 0.0 22766.6667
6.609733333333334 7.41275 -12.823500000000001 0.3001 5.6496 0.0 22783.3333
6.605333333333333 7.413 -12.908249999999999 0.3001 5.6496 0.0 22800.0
6.601066666666667 7.4135 -12.989250000000002 0.3001 5.6496 0.0 22816.6667
6.5968 7.414 -13.070500000000001 0.3001 5.6496 0.0 22833.3333
6.5924 7.4145 -13.1545 0.3438 5.6496 0.0 22850.0
6.587866666666667 7.415 -13.239749999999999 0.4001 5.6496 0.0 22866.6667
6.583600000000001 7.41575 -13.32 0.4001 5.6712 0.0 22883.3333
6.579066666666666 7.41625 -13.40425 0.422 5.7215 0.0 22900.0
6.574400000000001 7.417 -13.489 0.4501 5.7721 0.0 22916.6667
6.57 7.4175 -13.57025 0.4501 5.8427 0.0 22933.3333
6.5656 7.41825 -13.65125 0.4501 5.9408 0.0 22950.0
6.5607999999999995 7.418749999999999 -13.735 0.4501 6.0413 0.0 22966.6667
6.555866666666667 7.4195 -13.819999999999999 0.4501 6.1643 0.0 22983.3333
6.551200000000001 7.42025 -13.901 0.4501 6.2908 0.0 23000.0
6.546266666666667 7.42075 -13.98225 0.4501 6.3888 0.0 23016.6667
6.541199999999999 7.4215 -14.06575 0.4501 6.509 0.0 23033.3333
6.5360000000000005 7.42225 -14.15075 0.4501 6.6408 0.0 23050.0
6.530933333333333 7.42275 -14.231 0.4305 6.7388 0.0 23066.6667
6.5254666666666665 7.4235 -14.31475 0.4001 6.859 0.0 23083.3333
6.52 7.424 -14.399750000000001 0.3795 7.0114 0.0 23100.0
6.514666666666666 7.4245 -14.48 0.3501 7.178 0.0 23116.6667
6.5088 7.425000000000001 -14.563749999999999 0.3303 7.4183 0.0 23133.3333
6.5026666666666655 7.42525 -14.6485 0.3001 7.7231 0.0 23150.0
6.496666666666667 7.42575 -14.72925 0.2805 7.9584 0.0 23166.6667
6.4904 7.426 -14.81 0.2501 8.2172 0.0 23183.3333
6.483733333333333 7.4265 -14.893 0.2501 8.5559 0.0 23200.0
6.4768 7.427 -14.97775 0.2305 8.6692 0.0 23216.6667
6.470266666666666 7.427 -15.05825 0.2001 8.6996 0.0 23233.3333
6.463733333333333 7.42725 -15.138750000000002 0.2001 8.6996 0.0 23250.0
6.456933333333334 7.4275 -15.222 0.2001 8.7173 0.0 23266.6667
6.45 7.428 -15.306750000000001 0.2001 8.7496 0.0 23283.3333
6.443333333333334 7.42825 -15.387 0.2001 8.7849 0.0 23300.0
6.436533333333333 7.4285 -15.46775 0.2001 8.9496 0.0 23316.6667
6.429333333333333 7.429 -15.55075 0.2334 9.2663 -0.0001 23333.3333
6.421733333333333 7.4295 -15.635250000000001 0.3354 9.6055 -0.0001 23350.0
6.414266666666666 7.43 -15.7155 0.4334 9.8496 0.0 23366.6667
6.406666666666667 7.43075 -15.796 0.5315 10.028 0.0 23383.3333
6.398666666666666 7.43175 -15.878250000000001 0.6313 10.2777 0.0 23400.0
6.390266666666666 7.43275 -15.96325 0.7168 10.5329 0.0 23416.6667
6.382266666666667 7.43375 -16.0425 0.7971 10.7937 -0.0001 23433.3333
6.3736 7.43525 -16.125 0.9157 11.0621 0.0 23450.0
6.3646666666666665 7.43675 -16.20925 0.9834 11.2829 0.0 23466.6667
6.356000000000001 7.43825 -16.289 1.0971 11.5437 -0.0001 23483.3333
6.347066666666667 7.44 -16.369 1.2442 11.8378 -0.0001 23500.0
6.337733333333333 7.442 -16.45075 1.3793 12.1225 0.0 23516.6667
6.327866666666666 7.44425 -16.535 1.5128 12.4408 -0.0002 23533.3333
6.318133333333333 7.44675 -16.61375 1.7089 12.8967 -0.0002 23550.0
6.307733333333333 7.4495000000000005 -16.695 1.8938 13.3225 -0.0001 23566.6667
6.297066666666667 7.4525 -16.77875 2.0315 13.5623 0.0 23583.3333
6.2868 7.45575 -16.85775 2.1148 13.729 0.0 23600.0
6.2764 7.4585 -16.937 2.1638 13.8133 0.0 23616.6667
6.265733333333333 7.462 -17.018 2.2001 13.8496 0.0 23633.3333
6.2548 7.46525 -17.10175 2.2001 13.8496 0.0 23650.0
6.2444 7.4685 -17.18025 2.2001 13.8496 0.0 23666.6667
6.233733333333333 7.4715 -17.2615 2.2001 13.8496 0.0 23683.3333
6.222799999999999 7.47475 -17.345 2.2148 13.879 0.0 23700.0
6.212266666666666 7.47825 -17.424 2.2501 13.9633 0.0 23716.6667
6.201733333333332 7.48125 -17.503249999999998 2.2756 14.0378 0.0 23733.3333
6.190933333333334 7.484500000000001 -17.583750000000002 2.3626 14.1621 0.0 23750.0
6.1796 7.48825 -17.6675 2.4138 14.2134 0.0 23766.6667
6.1688 7.492 -17.74625 2.4628 14.2497 0.0 23783.3333
6.158133333333334 7.4955 -17.8255 2.5354 14.2379 0.0 23800.0
6.1472 7.4995 -17.90625 2.7074 14.1538 0.0001 23816.6667
6.136133333333333 7.504 -17.99 2.9511 13.9232 0.0001 23833.3333
6.126 7.50825 -18.0685 3.1354 13.6761 0.0 23850.0
6.1156 7.513 -18.1495 3.2501 13.5996 0.0 23866.6667
6.1048 7.518 -18.23325 3.2501 13.5996 0.0 23883.3333
6.094666666666667 7.5225 -18.311999999999998 3.2501 13.5996 0.0 23900.0
6.084133333333333 7.52725 -18.39275 3.2501 13.5996 0.0 23916.6667
6.073333333333333 7.532 -18.47675 3.2501 13.5996 0.0 23933.3333
6.063200000000001 7.53675 -18.555500000000002 3.2619 13.5996 0.0 23950.0
6.052933333333333 7.5415 -18.634999999999998 3.3325 13.5888 0.0 23966.6667
6.042666666666666 7.5465 -18.7155 3.523 13.4975 0.0001 23983.3333
6.032133333333333 7.5525 -18.79975 3.9296 13.1584 0.0005 24000.0
6.022666666666667 7.55875 -18.878999999999998 4.5229 12.4623 0.0013 24016.6667
6.0141333333333336 7.56625 -18.95875 5.2581 11.4035 0.0008 24033.3333
6.0061333333333335 7.57475 -19.04 5.7658 10.4684 0.0003 24050.0
5.998399999999999 7.584 -19.125 6.0825 9.8565 0.0 24066.6667
5.991066666666667 7.59275 -19.20475 6.2001 9.6996 0.0 24083.3333
5.983733333333333 7.6015 -19.28475 6.2001 9.6996 0.0 24100.0
5.9764 7.6105 -19.366 6.2084 9.6996 0.0 24116.6667
5.968666666666667 7.62 -19.451 6.2501 9.6996 0.0 24133.3333
5.961333333333333 7.62875 -19.530749999999998 6.2501 9.6996 0.0 24150.0
5.954 7.6377500000000005 -19.61175 6.2501 9.6996 0.0 24166.6667
5.946266666666666 7.64725 -19.69675 6.2697 9.6996 0.0 24183.3333
5.938933333333334 7.6565 -19.7765 6.3589 9.6996 0.0 24200.0
5.9316 7.6655 -19.85675 6.4001 9.6996 0.0 24216.6667
5.924266666666667 7.6745 -19.93775 6.4147 9.7069 0.0 24233.3333
5.916533333333333 7.6845 -20.022750000000002 6.5089 9.7584 0.0 24250.0
5.909066666666667 7.69375 -20.10225 6.5736 9.8388 0.0 24266.6667
5.9013333333333335 7.70375 -20.18325 6.722 10.0933 0.0 24283.3333
5.893066666666667 7.71375 -20.268 6.8677 10.4202 -0.0001 24300.0
5.884933333333334 7.72375 -20.347499999999997 6.9736 10.8359 -0.0001 24316.6667
5.876399999999999 7.734 -20.42725 7.1138 11.3957 -0.0001 24333.3333
5.867333333333334 7.74425 -20.50675 7.2236 12.1702 -0.0003 24350.0
5.857066666666666 7.75475 -20.58625 7.4157 13.6058 -0.0002 24366.6667
5.8452 7.766249999999999 -20.669249999999998 7.5501 15.1212 0.0 24383.3333
5.832800000000001 7.777 -20.74725 7.5501 16.3871 0.0 24400.0
5.818666666666667 7.7885 -20.82925 7.5501 17.8329 0.0 24416.6667
5.8049333333333335 7.79925 -20.906 7.5501 18.6869 0.0 24433.3333
5.7904 7.81 -20.982249999999997 7.5501 19.6025 0.0 24450.0
5.7754666666666665 7.821 -21.059 7.5501 20.0569 0.0 24466.6667
5.7592 7.83225 -21.13975 7.5501 20.6114 0.0 24483.3333
5.743733333333333 7.843 -21.215000000000003 7.5442 21.0878 0.0 24500.0
5.727733333333333 7.8535 -21.290499999999998 7.4854 21.828 0.0001 24516.6667
5.710800000000001 7.86425 -21.366 7.3459 22.6288 0.0 24533.3333
5.6925333333333334 7.87525 -21.445 7.2942 23.5937 0.0 24550.0
5.674666666666667 7.8855 -21.5185 7.2452 24.4221 0.0001 24566.6667
5.656000000000001 7.89575 -21.592 7.1962 25.6123 0.0 24583.3333
5.636533333333333 7.906 -21.665 7.1501 26.4058 0.0 24600.0
5.615333333333334 7.9167499999999995 -21.74175 7.1452 27.3182 0.0 24616.6667
5.5952 7.92675 -21.813 7.0845 28.0398 0.0002 24633.3333
5.574 7.93675 -21.8845 6.897 29.1371 0.0 24650.0
5.5510666666666655 7.947 -21.959249999999997 6.8452 29.7682 0.0 24666.6667
5.5292 7.9567499999999995 -22.02925 6.7884 30.4506 0.0001 24683.3333
5.5068 7.96625 -22.099000000000004 6.6297 31.132 0.0003 24700.0
5.4832 7.975 -22.16775 6.2693 32.5642 0.0009 24716.6667
5.456533333333333 7.983750000000001 -22.238500000000002 5.5037 35.3839 0.0011 24733.3333
5.43 7.99075 -22.302749999999996 4.9012 37.7555 0.0018 24750.0
5.4012 7.9965 -22.3645 4.0756 41.1621 0.0007 24766.6667
5.369066666666667 8.0015 -22.427 3.443 44.0477 0.0025 24783.3333
5.3368 8.0055 -22.481749999999998 2.73 47.7173 0.0007 24800.0
5.303066666666666 8.009 -22.53375 2.3868 50.5232 0.0006 24816.6667
5.2678666666666665 8.01175 -22.5825 2.0451 53.6184 0.0002 24833.3333
5.229066666666666 8.0145 -22.63 1.7803 57.0321 0.001 24850.0
5.191066666666666 8.0165 -22.670499999999997 1.4334 60.0889 0.0011 24866.6667
5.151999999999999 8.018 -22.707 0.9963 63.5311 0.0001 24883.3333
5.112399999999999 8.019 -22.741500000000002 0.8001 65.0997 0.0 24900.0
5.069333333333333 8.01975 -22.774250000000002 0.4427 68.0458 0.0004 24916.6667
5.028266666666667 8.02025 -22.801499999999997 0.2445 70.4419 0.0003 24933.3333
4.986533333333334 8.02 -22.826 -0.0499 72.5497 0.0 24950.0
4.9417333333333335 8.0195 -22.849 -0.3556 74.687 0.0002 24966.6667
4.899466666666666 8.01875 -22.869500000000002 -0.5046 75.6281 0.0002 24983.3333
